0.000000000000000000e+00 3.708180123246369864e-02
5.016722408026755980e-02 4.481232698373942280e-02
1.003344481605351196e-01 5.334158439133665497e-02
1.505016722408026864e-01 6.259279658644735511e-02
2.006688963210702392e-01 7.246606992231931221e-02
2.508361204013377921e-01 8.284349660958936767e-02
3.010033444816053727e-01 9.359501018458442345e-02
3.511705685618728978e-01 1.045844629094286049e-01
4.013377926421404784e-01 1.156754805563355581e-01
4.515050167224080591e-01 1.267367535067599749e-01
5.016722408026755842e-01 1.376465028881828645e-01
5.518394648829431093e-01 1.482959003263559783e-01
6.020066889632107454e-01 1.585912355822186315e-01
6.521739130434782705e-01 1.684546586586382066e-01
7.023411371237457956e-01 1.778234179035447782e-01
7.525083612040134318e-01 1.866476993568889076e-01
8.026755852842809569e-01 1.948874315516320732e-01
8.528428093645484820e-01 2.025086957046731695e-01
9.030100334448161181e-01 2.094805839213841891e-01
9.531772575250836432e-01 2.157733857567394054e-01
1.003344481605351168e+00 2.213587973011364174e-01
1.053511705685618693e+00 2.262124389341220176e-01
1.103678929765886219e+00 2.303184107596265295e-01
1.153846153846153966e+00 2.336750383815667242e-01
1.204013377926421491e+00 2.363005193288706118e-01
1.254180602006689016e+00 2.382370050284924601e-01
1.304347826086956541e+00 2.395518173469291801e-01
1.354515050167224066e+00 2.403349906752936249e-01
1.404682274247491591e+00 2.406930533760424928e-01
1.454849498327759338e+00 2.407397561970591182e-01
1.505016722408026864e+00 2.405851360631529046e-01
1.555183946488294389e+00 2.403247090042179845e-01
1.605351170568561914e+00 2.400306153033527901e-01
1.655518394648829439e+00 2.397461802055740610e-01
1.705685618729096964e+00 2.394846838533295497e-01
1.755852842809364489e+00 2.392323078845211559e-01
1.806020066889632236e+00 2.389544341775315661e-01
1.856187290969899761e+00 2.386038946032963126e-01
1.906354515050167286e+00 2.381295347115617855e-01
1.956521739130434812e+00 2.374835965849358133e-01
2.006688963210702337e+00 2.366268875883492939e-01
2.056856187290970084e+00 2.355313445821899110e-01
2.107023411371237387e+00 2.341802506275051099e-01
2.157190635451505134e+00 2.325668477971358783e-01
2.207357859531772437e+00 2.306923064146063629e-01
2.257525083612040184e+00 2.285639320030283805e-01
2.307692307692307931e+00 2.261941745408790061e-01
2.357859531772575234e+00 2.236005686878176080e-01
2.408026755852842982e+00 2.208063181880095538e-01
2.458193979933110285e+00 2.178409625157696206e-01
2.508361204013378032e+00 2.147404977906985091e-01
2.558528428093645335e+00 2.115464711298589984e-01
2.608695652173913082e+00 2.083038723237577439e-01
2.658862876254180829e+00 2.050580133510044589e-01
2.709030100334448132e+00 2.018509064791737251e-01
2.759197324414715879e+00 1.987178327990165028e-01
2.809364548494983183e+00 1.956847811302445117e-01
2.859531772575250930e+00 1.927672314543610599e-01
2.909698996655518677e+00 1.899704115013974848e-01
2.959866220735785980e+00 1.872907672291654058e-01
3.010033444816053727e+00 1.847180737237353876e-01
3.060200668896321030e+00 1.822374741245885443e-01
3.110367892976588777e+00 1.798308247259897130e-01
3.160535117056856080e+00 1.774770288028159615e-01
3.210702341137123828e+00 1.751514723388045702e-01
3.260869565217391575e+00 1.728250939371654415e-01
3.311036789297658878e+00 1.704638824572390354e-01
3.361204013377926625e+00 1.680295934110875300e-01
3.411371237458193928e+00 1.654821828666651895e-01
3.461538461538461675e+00 1.627839447928551286e-01
3.511705685618728978e+00 1.599047527254918166e-01
3.561872909698996725e+00 1.568273326412965574e-01
3.612040133779264472e+00 1.535512912579471700e-01
3.662207357859531776e+00 1.500947769384142205e-01
3.712374581939799523e+00 1.464931374629616367e-01
3.762541806020066826e+00 1.427946362800415203e-01
3.812709030100334573e+00 1.390540062053766679e-01
3.862876254180602320e+00 1.353251572230169952e-01
3.913043478260869623e+00 1.316545636215440684e-01
3.963210702341137370e+00 1.280766795727884544e-01
4.013377926421404673e+00 1.246122239415891203e-01
4.063545150501671976e+00 1.212694766254343998e-01
4.113712374581940168e+00 1.180480272185979590e-01
4.163879598662207471e+00 1.149438893183144239e-01
4.214046822742474774e+00 1.119546587839594654e-01
4.264214046822742965e+00 1.090834841805919109e-01
4.314381270903010268e+00 1.063409792697052048e-01
4.364548494983277571e+00 1.037447267570719700e-01
4.414715719063544874e+00 1.013165636958504728e-01
4.464882943143813065e+00 9.907828293340127657e-02
4.515050167224080369e+00 9.704665619303377844e-02
4.565217391304347672e+00 9.522875906641976862e-02
4.615384615384615863e+00 9.361847621741579972e-02
4.665551839464883166e+00 9.219483201796609129e-02
4.715719063545150469e+00 9.092248058782216591e-02
4.765886287625417772e+00 8.975434826502297347e-02
4.816053511705685963e+00 8.863609188923797511e-02
4.866220735785953266e+00 8.751175446584685824e-02
4.916387959866220569e+00 8.632980152421265707e-02
4.966555183946488761e+00 8.504864077273079082e-02
5.016722408026756064e+00 8.364078944262343107e-02
5.066889632107023367e+00 8.209506257404736163e-02
5.117056856187290670e+00 8.041648595994746462e-02
5.167224080267558861e+00 7.862403205304833997e-02
5.217391304347826164e+00 7.674665572058025909e-02
5.267558528428093467e+00 7.481838589728015410e-02
5.317725752508361658e+00 7.287334595801416015e-02
5.367892976588628962e+00 7.094150708121579885e-02
5.418060200668896265e+00 6.904575013035588182e-02
5.468227424749164456e+00 6.720048869252920332e-02
5.518394648829431759e+00 6.541177553320814964e-02
5.568561872909699062e+00 6.367855759305532382e-02
5.618729096989966365e+00 6.199461206304052174e-02
5.668896321070234556e+00 6.035069734482794573e-02
5.719063545150501859e+00 5.873655735471568218e-02
5.769230769230769162e+00 5.714257053442100415e-02
5.819397993311037354e+00 5.556097804609886476e-02
5.869565217391304657e+00 5.398671796728094635e-02
5.919732441471571960e+00 5.241792112259009706e-02
5.969899665551839263e+00 5.085610428453307685e-02
6.020066889632107454e+00 4.930605927651077885e-02
6.070234113712374757e+00 4.777541448608718655e-02
6.120401337792642060e+00 4.627385833365386253e-02
6.170568561872910252e+00 4.481206308422254481e-02
6.220735785953177555e+00 4.340041565694802844e-02
6.270903010033444858e+00 4.204772470033411175e-02
6.321070234113712161e+00 4.076010675868888683e-02
6.371237458193980352e+00 3.954024509432344653e-02
6.421404682274247655e+00 3.838716164983639600e-02
6.471571906354514958e+00 3.729655601737024567e-02
6.521739130434783149e+00 3.626166262720767475e-02
6.571906354515050452e+00 3.527447900981157264e-02
6.622073578595317755e+00 3.432714358875989941e-02
6.672240802675585059e+00 3.341320722901237189e-02
6.722408026755853250e+00 3.252855861161001866e-02
6.772575250836120553e+00 3.167183003319697099e-02
6.822742474916387856e+00 3.084421650832866804e-02
6.872909698996656047e+00 3.004876501604394207e-02
6.923076923076923350e+00 2.928930345672164232e-02
6.973244147157190653e+00 2.856925236310506322e-02
7.023411371237457956e+00 2.789057834132730243e-02
7.073578595317726148e+00 2.725310425807190087e-02
7.123745819397993451e+00 2.665430174603364288e-02
7.173913043478260754e+00 2.608958253396159027e-02
7.224080267558528945e+00 2.555300448635386412e-02
7.274247491638796248e+00 2.503823708541860066e-02
7.324414715719063551e+00 2.453959802480485883e-02
7.374581939799330854e+00 2.405297423339851012e-02
7.424749163879599045e+00 2.357646686053554291e-02
7.474916387959866348e+00 2.311064046141101183e-02
7.525083612040133652e+00 2.265830659830104371e-02
7.575250836120401843e+00 2.222383130845290156e-02
7.625418060200669146e+00 2.181202575793435641e-02
7.675585284280936449e+00 2.142675713181671493e-02
7.725752508361204640e+00 2.106949166466630038e-02
7.775919732441471943e+00 2.073803541853110055e-02
7.826086956521739246e+00 2.042575028201726664e-02
7.876254180602006549e+00 2.012147750354221012e-02
7.926421404682274741e+00 1.981029660894819550e-02
7.976588628762542044e+00 1.947509815849780487e-02
8.026755852842809347e+00 1.909878376328175836e-02
8.076923076923076650e+00 1.866676342442632683e-02
8.127090301003343953e+00 1.816933396899821085e-02
8.177257525083613032e+00 1.760351667866260836e-02
8.227424749163880335e+00 1.697401199299772637e-02
8.277591973244147638e+00 1.629307884627563541e-02
8.327759197324414941e+00 1.557933366931914948e-02
8.377926421404682245e+00 1.485564915000003351e-02
8.428093645484949548e+00 1.414647763699680358e-02
8.478260869565216851e+00 1.347500248157175798e-02
8.528428093645485930e+00 1.286052384412724597e-02
8.578595317725753233e+00 1.231642224692334336e-02
8.628762541806020536e+00 1.184893474767455095e-02
8.678929765886287839e+00 1.145685108809444373e-02
8.729096989966555142e+00 1.113211348053420174e-02
8.779264214046822445e+00 1.086119868806567634e-02
8.829431438127089748e+00 1.062708076819664921e-02
8.879598662207358828e+00 1.041151754184301351e-02
8.929765886287626131e+00 1.019737265670639728e-02
8.979933110367893434e+00 9.970679701409116205e-03
9.030100334448160737e+00 9.722180006392333249e-03
9.080267558528428040e+00 9.448126729641008470e-03
9.130434782608695343e+00 9.150245328922510316e-03
9.180602006688962646e+00 8.834866510893553404e-03
9.230769230769231726e+00 8.511383815870045971e-03
9.280936454849499029e+00 8.190308011511365088e-03
9.331103678929766332e+00 7.881266915428135691e-03
9.381270903010033635e+00 7.591311312479037329e-03
9.431438127090300938e+00 7.323828075672774579e-03
9.481605351170568241e+00 7.078240182567288943e-03
9.531772575250835544e+00 6.850515119806651308e-03
9.581939799331104624e+00 6.634342486939313194e-03
9.632107023411371927e+00 6.422713260341279817e-03
9.682274247491639230e+00 6.209563849771927713e-03
9.732441471571906533e+00 5.991150248645559645e-03
9.782608695652173836e+00 5.766887429121781566e-03
9.832775919732441139e+00 5.539508628546664648e-03
9.882943143812708442e+00 5.314541201711391397e-03
9.933110367892977521e+00 5.099230585774463392e-03
9.983277591973244824e+00 4.901145536158126557e-03
1.003344481605351213e+01 4.726748246560486671e-03
1.008361204013377943e+01 4.580205168364873645e-03
1.013377926421404673e+01 4.462652572011191997e-03
1.018394648829431404e+01 4.372029596247878694e-03
1.023411371237458134e+01 4.303472585138698805e-03
1.028428093645485042e+01 4.250153120318474372e-03
1.033444816053511772e+01 4.204361789910299706e-03
1.038461538461538503e+01 4.158606910568495192e-03
1.043478260869565233e+01 4.106517537473008440e-03
1.048494983277591963e+01 4.043405742809470967e-03
1.053511705685618693e+01 3.966435760358493975e-03
1.058528428093645424e+01 3.874442468941255262e-03
1.063545150501672332e+01 3.767514923360420261e-03
1.068561872909699062e+01 3.646495908968725840e-03
1.073578595317725792e+01 3.512541271146371949e-03
1.078595317725752523e+01 3.366840633335769096e-03
1.083612040133779253e+01 3.210540177520657904e-03
1.088628762541805983e+01 3.044847151790053882e-03
1.093645484949832891e+01 2.871250117881587842e-03
1.098662207357859621e+01 2.691766925323647516e-03
1.103678929765886352e+01 2.509134346321354077e-03
1.108695652173913082e+01 2.326873634869516469e-03
1.113712374581939812e+01 2.149196798794879553e-03
1.118729096989966543e+01 1.980751400314787608e-03
1.123745819397993273e+01 1.826231732582955661e-03
1.128762541806020181e+01 1.689908069272474857e-03
1.133779264214046911e+01 1.575141577797243815e-03
1.138795986622073642e+01 1.483959080362714502e-03
1.143812709030100372e+01 1.416757871946525658e-03
1.148829431438127102e+01 1.372195528999606805e-03
1.153846153846153832e+01 1.347293807553020173e-03
1.158862876254180563e+01 1.337752338761012726e-03
1.163879598662207471e+01 1.338432254193492720e-03
1.168896321070234201e+01 1.343939034838471025e-03
1.173913043478260931e+01 1.349214683603566604e-03
1.178929765886287662e+01 1.350046803878977202e-03
1.183946488294314392e+01 1.343417917129353543e-03
1.188963210702341122e+01 1.327649753051449080e-03
1.193979933110367853e+01 1.302337801070447589e-03
1.198996655518394761e+01 1.268112165832916685e-03
1.204013377926421491e+01 1.226292484550137998e-03
1.209030100334448221e+01 1.178520187883365074e-03
1.214046822742474951e+01 1.126447529846204276e-03
1.219063545150501682e+01 1.071541177618697818e-03
1.224080267558528412e+01 1.015024643181676326e-03
1.229096989966555142e+01 9.579470086126645181e-04
1.234113712374582050e+01 9.013341502302688176e-04
1.239130434782608781e+01 8.463600187909503438e-04
1.244147157190635511e+01 7.944730577428507244e-04
1.249163879598662241e+01 7.474261531340566870e-04
1.254180602006688972e+01 7.071837534012550197e-04
1.259197324414715702e+01 6.757108459749734978e-04
1.264214046822742432e+01 6.546783957301980771e-04
1.269230769230769340e+01 6.451422854720113972e-04
1.274247491638796070e+01 6.472630864169551072e-04
1.279264214046822801e+01 6.601299090661854685e-04
1.284280936454849531e+01 6.817337665558787906e-04
1.289297658862876261e+01 7.091077765595609579e-04
1.294314381270902992e+01 7.386189044392573420e-04
1.299331103678929722e+01 7.663658367971976949e-04
1.304347826086956630e+01 7.886167362941573847e-04
1.309364548494983360e+01 8.022138915887465967e-04
1.314381270903010090e+01 8.048811585388411472e-04
1.319397993311036821e+01 7.953922271393207158e-04
1.324414715719063551e+01 7.735874191320113837e-04
1.329431438127090281e+01 7.402563996923607059e-04
1.334448160535117012e+01 6.969267072277382340e-04
1.339464882943143920e+01 6.456086183349327243e-04
1.344481605351170650e+01 5.885444942653803415e-04
1.349498327759197380e+01 5.279980323010952927e-04
1.354515050167224111e+01 4.661009463553740561e-04
1.359531772575250841e+01 4.047573549147847369e-04
1.364548494983277571e+01 3.455941383068716639e-04
1.369565217391304301e+01 2.899408197401376732e-04
1.374581939799331209e+01 2.388244820425978977e-04
1.379598662207357940e+01 1.929712306248289463e-04
1.384615384615384670e+01 1.528124419842590064e-04
1.389632107023411400e+01 1.184987812351965457e-04
1.394648829431438131e+01 8.992641951653735960e-05
1.399665551839464861e+01 6.677825089339909086e-05
1.404682274247491591e+01 4.857949147981425423e-05
1.409698996655518499e+01 3.476346815277742781e-05
1.414715719063545230e+01 2.474094902181786409e-05
1.419732441471571960e+01 1.796558117016304503e-05
1.424749163879598690e+01 1.398869373733438917e-05
1.429765886287625420e+01 1.249825080689604725e-05
1.434782608695652151e+01 1.333839599891336002e-05
1.439799331103678881e+01 1.650739763470741080e-05
1.444816053511705789e+01 2.213289901138958116e-05
1.449832775919732519e+01 3.042460494679592297e-05
1.454849498327759250e+01 4.160644200736247493e-05
1.459866220735785980e+01 5.583318613777978973e-05
1.464882943143812710e+01 7.310045450199055593e-05
1.469899665551839441e+01 9.316108068103627203e-05
1.474916387959866171e+01 1.154639602736333041e-04
1.479933110367893079e+01 1.391319749164397800e-04
1.484949832775919809e+01 1.629923756699248427e-04
1.489966555183946539e+01 1.856656620150035856e-04
1.494983277591973270e+01 2.057083596914974829e-04
1.500000000000000000e+01 2.217932207326356699e-04
