0.000000000000000000e+00 1.219711049647337689e-02
5.016722408026755980e-03 1.189020634729359878e-02
1.003344481605351196e-02 1.101505555258516442e-02
1.505016722408026794e-02 9.697255956694697532e-03
2.006688963210702392e-02 8.112895711712191094e-03
2.508361204013377990e-02 6.450120047610055814e-03
3.010033444816053588e-02 4.873316126730321482e-03
3.511705685618729533e-02 3.499019135149908540e-03
4.013377926421404784e-02 2.387444684892287266e-03
4.515050167224080035e-02 1.548057931342092458e-03
5.016722408026755980e-02 9.539292801517983058e-04
5.518394648829431925e-02 5.586779947911908739e-04
6.020066889632107177e-02 3.111228387466491137e-04
6.521739130434782428e-02 1.651491586656067361e-04
7.023411371237459067e-02 8.456798016472425166e-05
7.525083612040134318e-02 4.417943354429232946e-05
8.026755852842809569e-02 2.873771667150123023e-05
8.528428093645484820e-02 3.130725415390004377e-05
9.030100334448160071e-02 5.196097052309197012e-05
9.531772575250836710e-02 9.717133729841598592e-05
1.003344481605351196e-01 1.797096163761315686e-04
1.053511705685618721e-01 3.184379852268919052e-04
1.103678929765886385e-01 5.370971513361619699e-04
1.153846153846153910e-01 8.611651969197631554e-04
1.204013377926421435e-01 1.312238735236287944e-03
1.254180602006688960e-01 1.900245137694510584e-03
1.304347826086956486e-01 2.615004064224518265e-03
1.354515050167224011e-01 3.419795921895353672e-03
1.404682274247491813e-01 4.250039062536853894e-03
1.454849498327759338e-01 5.019385232776834606e-03
1.505016722408026864e-01 5.633431320164623488e-03
1.555183946488294389e-01 6.008420877104268983e-03
1.605351170568561914e-01 6.089933576586962702e-03
1.655518394648829439e-01 5.865832154274892851e-03
1.705685618729096964e-01 5.369224642117968738e-03
1.755852842809364489e-01 4.670446314497022147e-03
1.806020066889632014e-01 3.860735604281206792e-03
1.856187290969899817e-01 3.032819780153514673e-03
1.906354515050167342e-01 2.264060427015930025e-03
1.956521739130434867e-01 1.606180283804743616e-03
2.006688963210702392e-01 1.082842851956151769e-03
2.056856187290969917e-01 6.937475210284093112e-04
2.107023411371237442e-01 4.223790035750029943e-04
2.157190635451504968e-01 2.443813533117326843e-04
2.207357859531772770e-01 1.343688744205612121e-04
2.257525083612040295e-01 7.020922569813064053e-05
2.307692307692307820e-01 3.486219732416380321e-05
2.357859531772575346e-01 1.645060665649357467e-05
2.408026755852842871e-01 7.377149961230749911e-06
2.458193979933110396e-01 3.144743284378394640e-06
2.508361204013377921e-01 1.277062257346850473e-06
2.558528428093645446e-01 5.031266439882004952e-07
2.608695652173912971e-01 2.204875746050389416e-07
2.658862876254180496e-01 1.853204857834171004e-07
2.709030100334448021e-01 3.695039118249692934e-07
2.759197324414715546e-01 9.487961457292787623e-07
2.809364548494983627e-01 2.426267678899952841e-06
2.859531772575251152e-01 5.944212729819259261e-06
2.909698996655518677e-01 1.389185138568718520e-05
2.959866220735786202e-01 3.096559619444536738e-05
3.010033444816053727e-01 6.585996793990285189e-05
3.060200668896321252e-01 1.337190515774617280e-04
3.110367892976588777e-01 2.593074911310913784e-04
3.160535117056856302e-01 4.805228478169409380e-04
3.210702341137123828e-01 8.513710782989200457e-04
3.260869565217391353e-01 1.442957287351860759e-03
3.311036789297658878e-01 2.340613828777629492e-03
3.361204013377926403e-01 3.635301168312325519e-03
3.411371237458193928e-01 5.408183803731952087e-03
3.461538461538461453e-01 7.708968576094680711e-03
3.511705685618728978e-01 1.053104253859297318e-02
3.561872909698996503e-01 1.378907602914830263e-02
3.612040133779264028e-01 1.730658202566117548e-02
3.662207357859532109e-01 2.082082674165964056e-02
3.712374581939799634e-01 2.400968091390207060e-02
3.762541806020067159e-01 2.653956048293617392e-02
3.812709030100334684e-01 2.812678974254695721e-02
3.862876254180602209e-01 2.859880605970619577e-02
3.913043478260869734e-01 2.793913374596024984e-02
3.963210702341137259e-01 2.630261425454072377e-02
4.013377926421404784e-01 2.399477811366882221e-02
4.063545150501672309e-01 2.141924554146213550e-02
4.113712374581939835e-01 1.900619063234050901e-02
4.163879598662207360e-01 1.713995529912570176e-02
4.214046822742474885e-01 1.610316626882349680e-02
4.264214046822742410e-01 1.604866323840713899e-02
4.314381270903009935e-01 1.700150605637385307e-02
4.364548494983277460e-01 1.888451597281765731e-02
4.414715719063545540e-01 2.155523206816899878e-02
4.464882943143813065e-01 2.484164895960695729e-02
4.515050167224080591e-01 2.856859279290756976e-02
4.565217391304348116e-01 3.257398279635486532e-02
4.615384615384615641e-01 3.672096008718803845e-02
4.665551839464883166e-01 4.091441069424912175e-02
4.715719063545150691e-01 4.512710171623041111e-02
4.765886287625418216e-01 4.943289385454349705e-02
4.816053511705685741e-01 5.403638123548547278e-02
4.866220735785953266e-01 5.928458061053982348e-02
4.916387959866220791e-01 6.564970907365978714e-02
4.966555183946488317e-01 7.368179361820621776e-02
5.016722408026755842e-01 8.394171980133935396e-02
5.066889632107023367e-01 9.693405178529580779e-02
5.117056856187290892e-01 1.130606188576698395e-01
5.167224080267558417e-01 1.326095114080985959e-01
5.217391304347825942e-01 1.557818242542370890e-01
5.267558528428093467e-01 1.827442183708845036e-01
5.317725752508360992e-01 2.136837401014144155e-01
5.367892976588628517e-01 2.488365451296006559e-01
5.418060200668896043e-01 2.884672326634250550e-01
5.468227424749163568e-01 3.327911345409749755e-01
5.518394648829431093e-01 3.818552007453350772e-01
5.568561872909698618e-01 4.354167615332210084e-01
5.618729096989967253e-01 4.928730580986203647e-01
5.668896321070234778e-01 5.532886736741208233e-01
5.719063545150502303e-01 6.155400602814748989e-01
5.769230769230769829e-01 6.785537605396135818e-01
5.819397993311037354e-01 7.415743239089173100e-01
5.869565217391304879e-01 8.043781815481136910e-01
5.919732441471572404e-01 8.673622994480957304e-01
5.969899665551839929e-01 9.314783279642641078e-01
6.020066889632107454e-01 9.980371787742430278e-01
6.070234113712374979e-01 1.068452266171906473e+00
6.120401337792642504e-01 1.144003904482121525e+00
6.170568561872910029e-01 1.225688012617226486e+00
6.220735785953177555e-01 1.314169904293998270e+00
6.270903010033445080e-01 1.409818508433309248e+00
6.321070234113712605e-01 1.512767669304596829e+00
6.371237458193980130e-01 1.622950045153240373e+00
6.421404682274247655e-01 1.740073162534386819e+00
6.471571906354515180e-01 1.863542770232233137e+00
6.521739130434782705e-01 1.992368162238200568e+00
6.571906354515050230e-01 2.125094927277906276e+00
6.622073578595317755e-01 2.259800713386558524e+00
6.672240802675585281e-01 2.394167345767828081e+00
6.722408026755852806e-01 2.525620214470136293e+00
6.772575250836120331e-01 2.651511977402240205e+00
6.822742474916387856e-01 2.769323993319677157e+00
6.872909698996655381e-01 2.876862021680878900e+00
6.923076923076922906e-01 2.972428260465414418e+00
6.973244147157190431e-01 3.054957099776644203e+00
7.023411371237457956e-01 3.124105547527098015e+00
7.073578595317725481e-01 3.180289518168253782e+00
7.123745819397993007e-01 3.224653328844222955e+00
7.173913043478260532e-01 3.258954804766466484e+00
7.224080267558528057e-01 3.285349995973833259e+00
7.274247491638796692e-01 3.306077910661538777e+00
7.324414715719064217e-01 3.323078388014756968e+00
7.374581939799331742e-01 3.337615108419166532e+00
7.424749163879599267e-01 3.350001532654966585e+00
7.474916387959866793e-01 3.359521758538829506e+00
7.525083612040134318e-01 3.364594336663279783e+00
7.575250836120401843e-01 3.363156149927788885e+00
7.625418060200669368e-01 3.353171166845815954e+00
7.675585284280936893e-01 3.333124754577575288e+00
7.725752508361204418e-01 3.302368624628158056e+00
7.775919732441471943e-01 3.261235487772843999e+00
7.826086956521739468e-01 3.210925504361143101e+00
7.876254180602006993e-01 3.153243647364795788e+00
7.926421404682274519e-01 3.090304296988121813e+00
7.976588628762542044e-01 3.024301153738439218e+00
8.026755852842809569e-01 2.957378862195611635e+00
8.076923076923077094e-01 2.891571935689439155e+00
8.127090301003344619e-01 2.828735152403992981e+00
8.177257525083612144e-01 2.770399035347688610e+00
8.227424749163879669e-01 2.717537508289523451e+00
8.277591973244147194e-01 2.670302367868347737e+00
8.327759197324414719e-01 2.627825255558960738e+00
8.377926421404682245e-01 2.588189691562353456e+00
8.428093645484949770e-01 2.548632770264134706e+00
8.478260869565217295e-01 2.505966417334827501e+00
8.528428093645484820e-01 2.457137938210451011e+00
8.578595317725752345e-01 2.399802612390553591e+00
8.628762541806019870e-01 2.332771689220174416e+00
8.678929765886287395e-01 2.256229786166612961e+00
8.729096989966554920e-01 2.171676839079378141e+00
8.779264214046822445e-01 2.081622149075314177e+00
8.829431438127091081e-01 1.989118430709928109e+00
8.879598662207358606e-01 1.897253380429168468e+00
8.929765886287626131e-01 1.808708901938947733e+00
8.979933110367893656e-01 1.725462245827959595e+00
9.030100334448161181e-01 1.648656780048541437e+00
9.080267558528428706e-01 1.578630068655881846e+00
9.130434782608696231e-01 1.515061825675294349e+00
9.180602006688963757e-01 1.457192785280833736e+00
9.230769230769231282e-01 1.404062130627858451e+00
9.280936454849498807e-01 1.354713206263762348e+00
9.331103678929766332e-01 1.308327138615907881e+00
9.381270903010033857e-01 1.264264813228511475e+00
9.431438127090301382e-01 1.222026869972508090e+00
9.481605351170568907e-01 1.181168600413502912e+00
9.531772575250836432e-01 1.141218717388915449e+00
9.581939799331103957e-01 1.101641069346720903e+00
9.632107023411371483e-01 1.061851840866367747e+00
9.682274247491639008e-01 1.021276723891103799e+00
9.732441471571906533e-01 9.794183268565463951e-01
9.782608695652174058e-01 9.359095650891785523e-01
9.832775919732441583e-01 8.905471702122925715e-01
9.882943143812709108e-01 8.433166767729729507e-01
9.933110367892976633e-01 7.944243852457534283e-01
9.983277591973244158e-01 7.443402959051854673e-01
1.003344481605351168e+00 6.938363853141283899e-01
1.008361204013378032e+00 6.439893873043125438e-01
1.013377926421404673e+00 5.961167843332484395e-01
1.018394648829431537e+00 5.516318567647650051e-01
1.023411371237458178e+00 5.118324916047441997e-01
1.028428093645485042e+00 4.776672564728482451e-01
1.033444816053511683e+00 4.495387047079135723e-01
1.038461538461538547e+00 4.272005747795534214e-01
1.043478260869565188e+00 4.097830104030811271e-01
1.048494983277592052e+00 3.959460407019051997e-01
1.053511705685618693e+00 3.841278140611146807e-01
1.058528428093645557e+00 3.728307806853230488e-01
1.063545150501672198e+00 3.608818371148448390e-01
1.068561872909699062e+00 3.476115248476633890e-01
1.073578595317725703e+00 3.329185854573497583e-01
1.078595317725752567e+00 3.172132210520290929e-01
1.083612040133779209e+00 3.012587438557731701e-01
1.088628762541806072e+00 2.859514916274862872e-01
1.093645484949832714e+00 2.720894705137341107e-01
1.098662207357859577e+00 2.601799544268547648e-01
1.103678929765886219e+00 2.503259766426315092e-01
1.108695652173913082e+00 2.422134328709283080e-01
1.113712374581939724e+00 2.351975562353265381e-01
1.118729096989966587e+00 2.284641631576910803e-01
1.123745819397993451e+00 2.212228177060399092e-01
1.128762541806020092e+00 2.128815922836808094e-01
1.133779264214046956e+00 2.031599514413481855e-01
1.138795986622073597e+00 1.921163616123319207e-01
1.143812709030100461e+00 1.800940004368703218e-01
1.148829431438127102e+00 1.676115301470222085e-01
1.153846153846153966e+00 1.552374994308093059e-01
1.158862876254180607e+00 1.434831912324791570e-01
1.163879598662207471e+00 1.327334659965898889e-01
1.168896321070234112e+00 1.232171960051625659e-01
1.173913043478260976e+00 1.150071028089445918e-01
1.178929765886287617e+00 1.080371600789560016e-01
1.183946488294314481e+00 1.021314413161745344e-01
1.188963210702341122e+00 9.704431030283301729e-02
1.193979933110367986e+00 9.251198033427453227e-02
1.198996655518394627e+00 8.830885972920592131e-02
1.204013377926421491e+00 8.429391313170993272e-02
1.209030100334448132e+00 8.042994208725839922e-02
1.214046822742474996e+00 7.676638747552588793e-02
1.219063545150501637e+00 7.339140700302541898e-02
1.224080267558528501e+00 7.037346232889808706e-02
1.229096989966555142e+00 6.771790763668245061e-02
1.234113712374582006e+00 6.535666214330453083e-02
1.239130434782608647e+00 6.317287231365385780e-02
1.244147157190635511e+00 6.104629134930292245e-02
1.249163879598662152e+00 5.889719532569867577e-02
1.254180602006689016e+00 5.671012672408883015e-02
1.259197324414715657e+00 5.453039067024321312e-02
1.264214046822742521e+00 5.243910478282833715e-02
1.269230769230769162e+00 5.052039020355195142e-02
1.274247491638796026e+00 4.883443753152709454e-02
1.279264214046822667e+00 4.740439381656231382e-02
1.284280936454849531e+00 4.621738808105976121e-02
1.289297658862876395e+00 4.523442522936904631e-02
1.294314381270903036e+00 4.440225435504993601e-02
1.299331103678929900e+00 4.366230952152529848e-02
1.304347826086956541e+00 4.295556236302017911e-02
1.309364548494983405e+00 4.222534049254882821e-02
1.314381270903010046e+00 4.142115913857270099e-02
1.319397993311036910e+00 4.050495796427089346e-02
1.324414715719063551e+00 3.945790635512753941e-02
1.329431438127090415e+00 3.828329561069348380e-02
1.334448160535117056e+00 3.700109741267531421e-02
1.339464882943143920e+00 3.563325513731624428e-02
1.344481605351170561e+00 3.418424034796020000e-02
1.349498327759197425e+00 3.262576362420984560e-02
1.354515050167224066e+00 3.089478214985956137e-02
1.359531772575250930e+00 2.890913866851348504e-02
1.364548494983277571e+00 2.659723917100876786e-02
1.369565217391304435e+00 2.393107291978274070e-02
1.374581939799331076e+00 2.094935320995446743e-02
1.379598662207357940e+00 1.776103626595704546e-02
1.384615384615384581e+00 1.452727651714314644e-02
1.389632107023411445e+00 1.142822071496367269e-02
1.394648829431438086e+00 8.626163683864897930e-03
1.399665551839464950e+00 6.236632119082693125e-03
1.404682274247491591e+00 4.314649331954883982e-03
1.409698996655518455e+00 2.857286372445541536e-03
1.414715719063545096e+00 1.818413330345177055e-03
1.419732441471571960e+00 1.129043580371868116e-03
1.424749163879598601e+00 7.169563185496208562e-04
1.429765886287625465e+00 5.213483525946051344e-04
1.434782608695652106e+00 5.007178298442395729e-04
1.439799331103678970e+00 6.340319492506450629e-04
1.444816053511705611e+00 9.162070360254616309e-04
1.449832775919732475e+00 1.349346161717570290e-03
1.454849498327759338e+00 1.931535084509732611e-03
1.459866220735785980e+00 2.645562105661662319e-03
1.464882943143812843e+00 3.450525661649373604e-03
1.469899665551839485e+00 4.279384113045553613e-03
1.474916387959866348e+00 5.044529104118144515e-03
1.479933110367892990e+00 5.651298382011749402e-03
1.484949832775919853e+00 6.016552138682856529e-03
1.489966555183946495e+00 6.087151084922528925e-03
1.494983277591973359e+00 5.852561255736465906e-03
1.500000000000000000e+00 5.347402911490450189e-03
