-5.000000000000000278e-02 9.887950221751209595e-78
-4.949874686716792399e-02 7.969777643088156371e-75
-4.899749373433584521e-02 5.629710662814250190e-72
-4.849624060150375948e-02 3.485185467696913285e-69
-4.799498746867168070e-02 1.890887449021487252e-66
-4.749373433583960191e-02 8.990947256177922409e-64
-4.699248120300752313e-02 3.746668197639256667e-61
-4.649122807017544434e-02 1.368311782204893301e-58
-4.598997493734335862e-02 4.379504670455685231e-56
-4.548872180451127983e-02 1.228471472213506431e-53
-4.498746867167920105e-02 3.019989202440487359e-51
-4.448621553884712226e-02 6.506479100297319687e-49
-4.398496240601504348e-02 1.228533928265046670e-46
-4.348370927318295776e-02 2.032960356658826255e-44
-4.298245614035087897e-02 2.948299024536375382e-42
-4.248120300751880019e-02 3.747272742765095279e-40
-4.197994987468672140e-02 4.174078542547236318e-38
-4.147869674185464262e-02 4.074815628262211146e-36
-4.097744360902255689e-02 3.486245682246187081e-34
-4.047619047619047811e-02 2.614035837883443926e-32
-3.997493734335839932e-02 1.717788550216866772e-30
-3.947368421052632054e-02 9.893134575397500304e-29
-3.897243107769424175e-02 4.993511310017485423e-27
-3.847117794486215603e-02 2.208963256029329637e-25
-3.796992481203007724e-02 8.564153421611805494e-24
-3.746867167919799846e-02 2.910033558581252623e-22
-3.696741854636591967e-02 8.666316311328055326e-21
-3.646616541353384089e-02 2.262044040911438167e-19
-3.596491228070175517e-02 5.174956307873882813e-18
-3.546365914786967638e-02 1.037679751460050291e-16
-3.496240601503759760e-02 1.823839298428461083e-15
-3.446115288220551881e-02 2.809937578702538403e-14
-3.395989974937344003e-02 3.795073417175219627e-13
-3.345864661654135430e-02 4.493572859456929595e-12
-3.295739348370927552e-02 4.665056284985582048e-11
-3.245614035087719673e-02 4.246928547662746987e-10
-3.195488721804511101e-02 3.390970345387977602e-09
-3.145363408521303916e-02 2.375234371217745378e-08
-3.095238095238095691e-02 1.460014748944480356e-07
-3.045112781954887465e-02 7.878693729199319628e-07
-2.994987468671679587e-02 3.734503064088464637e-06
-2.944862155388471361e-02 1.555986746408511963e-05
-2.894736842105263483e-02 5.704158249291789819e-05
-2.844611528822055604e-02 1.842269725240597723e-04
-2.794486215538847379e-02 5.251200542234593953e-04
-2.744360902255639501e-02 1.324251437558762257e-03
-2.694235588972431275e-02 2.964761340662566518e-03
-2.644110275689223397e-02 5.922249603177194913e-03
-2.593984962406015171e-02 1.063332786805565831e-02
-2.543859649122807293e-02 1.735127935925342979e-02
-2.493734335839599414e-02 2.615356472888741290e-02
-2.443609022556391189e-02 3.724147358395779595e-02
-2.393483709273183310e-02 5.147364349127388911e-02
-2.343358395989975085e-02 7.082914389325939419e-02
-2.293233082706767206e-02 9.844693261661283112e-02
-2.243107769423559328e-02 1.381417201811068474e-01
-2.192982456140351102e-02 1.936429165277586961e-01
-2.142857142857143224e-02 2.679141190569305220e-01
-2.092731829573934998e-02 3.627616518823498781e-01
-2.042606516290727120e-02 4.788864575853014061e-01
-1.992481203007519241e-02 6.167356403444937962e-01
-1.942355889724311016e-02 7.784620475229075964e-01
-1.892230576441103138e-02 9.704495141973443761e-01
-1.842105263157894912e-02 1.204807623053119503e+00
-1.791979949874687034e-02 1.498582459899307162e+00
-1.741854636591479155e-02 1.871675929984526476e+00
-1.691729323308271277e-02 2.346494255530000572e+00
-1.641604010025062704e-02 2.951241136104936214e+00
-1.591478696741854826e-02 3.724654625783283990e+00
-1.541353383458646947e-02 4.716895461462628170e+00
-1.491228070175439069e-02 5.983094266357208646e+00
-1.441102756892231190e-02 7.571850057767587572e+00
-1.390977443609022618e-02 9.515541783619799077e+00
-1.340852130325814739e-02 1.182840143185140569e+01
-1.290726817042606861e-02 1.451278207595716374e+01
-1.240601503759398982e-02 1.756875076218562626e+01
-1.190476190476191104e-02 2.100094670988261925e+01
-1.140350877192982532e-02 2.481946134335681364e+01
-1.090225563909774653e-02 2.903519718027699525e+01
-1.040100250626566775e-02 3.365157704065414634e+01
-9.899749373433588961e-03 3.865302274979401176e+01
-9.398496240601510177e-03 4.398940446258897907e+01
-8.897243107769424453e-03 4.955885186923553221e+01
-8.395989974937345668e-03 5.519808729098255640e+01
-7.894736842105266883e-03 6.069147276957403392e+01
-7.393483709273188098e-03 6.579948680070948797e+01
-6.892230576441109313e-03 7.028956061239743747e+01
-6.390977443609023589e-03 7.394528400750920127e+01
-5.889724310776944805e-03 7.654661156302643121e+01
-5.388471177944866020e-03 7.784286129832557322e+01
-4.887218045112787235e-03 7.755439663285780227e+01
-4.385964912280708450e-03 7.542267649189263068e+01
-3.884711779448622726e-03 7.129606740339076509e+01
-3.383458646616543941e-03 6.521749500559333512e+01
-2.882205513784465156e-03 5.748049089352364405e+01
-2.380952380952386371e-03 4.863166369212422779e+01
-1.879699248120300648e-03 3.940831302803034930e+01
-1.378446115288221863e-03 3.061289767911739901e+01
-8.771929824561430777e-04 2.294977281081205334e+01
-3.759398496240642928e-04 1.687699014484736892e+01
1.253132832080144921e-04 1.253251450262217581e+01
6.265664160401002158e-04 9.763403078387442591e+00
1.127819548872179001e-03 8.234355404292058367e+00
1.629072681704257786e-03 7.557108096357766591e+00
2.130325814536336571e-03 7.387909638272447843e+00
2.631578947368415355e-03 7.473856581330266202e+00
3.132832080200501079e-03 7.658813576025641723e+00
3.634085213032579864e-03 7.868066996524242462e+00
4.135338345864658649e-03 8.083805619411505106e+00
4.636591478696737434e-03 8.316474719742569022e+00
5.137844611528816219e-03 8.577425900568815820e+00
5.639097744360901943e-03 8.861385226057517883e+00
6.140350877192980728e-03 9.144977741969000817e+00
6.641604010025059512e-03 9.398744937818674927e+00
7.142857142857138297e-03 9.602118365916741283e+00
7.644110275689217082e-03 9.751093904400624623e+00
8.145363408521302806e-03 9.855951598156611482e+00
8.646616541353381591e-03 9.933427186166625233e+00
9.147869674185460376e-03 9.998797990894109589e+00
9.649122807017539161e-03 1.006064151428354414e+01
1.015037593984961795e-02 1.011939040725223826e+01
1.065162907268170367e-02 1.017036507739498319e+01
1.115288220551378245e-02 1.020975449356761544e+01
1.165413533834586124e-02 1.023897226970438190e+01
1.215538847117794002e-02 1.026353474825252476e+01
1.265664160401001881e-02 1.028769578145554675e+01
1.315789473684210453e-02 1.030995628237634065e+01
1.365914786967417638e-02 1.032291885239044049e+01
1.416040100250626210e-02 1.031638319934763892e+01
1.466165413533834783e-02 1.028052707297559643e+01
1.516290726817041967e-02 1.020783448947996064e+01
1.566416040100250540e-02 1.009485343794074375e+01
1.616541353383457724e-02 9.944738630849924377e+00
1.666666666666666297e-02 9.769114509098383081e+00
1.716791979949874869e-02 9.586096013813239836e+00
1.766917293233082054e-02 9.413070942018148202e+00
1.817042606516290626e-02 9.257438115118246102e+00
1.867167919799497811e-02 9.111719345847479445e+00
1.917293233082706383e-02 8.957599854757180680e+00
1.967418546365914955e-02 8.777420692445780048e+00
2.017543859649122140e-02 8.566182047304190306e+00
2.067669172932330712e-02 8.336248874130582465e+00
2.117794486215537897e-02 8.111264525155487348e+00
2.167919799498746469e-02 7.912732432758278200e+00
2.218045112781955042e-02 7.747762039376653753e+00
2.268170426065162226e-02 7.605445972273534139e+00
2.318295739348370799e-02 7.462767385928652075e+00
2.368421052631577983e-02 7.294818715829272548e+00
2.418546365914786556e-02 7.083615395535281856e+00
2.468671679197995128e-02 6.823369618327488340e+00
2.518796992481202313e-02 6.522562038473176393e+00
2.568922305764410885e-02 6.202845823102078882e+00
2.619047619047618070e-02 5.894354361123840924e+00
2.669172932330826642e-02 5.628210045926157257e+00
2.719298245614035214e-02 5.428708544040901529e+00
2.769423558897242399e-02 5.307885844849264068e+00
2.819548872180450971e-02 5.263685768466816128e+00
2.869674185463658156e-02 5.280936802189304835e+00
2.919799498746866728e-02 5.333529467630879317e+00
2.969924812030075301e-02 5.387507763147394435e+00
3.020050125313282485e-02 5.406919553345247209e+00
3.070175438596491058e-02 5.363973333075708894e+00
3.120300751879698242e-02 5.250758294988231434e+00
3.170426065162906815e-02 5.084906656635856059e+00
3.220551378446115387e-02 4.902306958291772432e+00
3.270676691729322572e-02 4.738292691901164311e+00
3.320802005012531144e-02 4.608407717677765802e+00
3.370927318295738329e-02 4.501625730315042873e+00
3.421052631578946901e-02 4.390201427491393638e+00
3.471177944862155473e-02 4.248448178506779804e+00
3.521303258145362658e-02 4.067608543350028860e+00
3.571428571428571230e-02 3.858792419748259039e+00
3.621553884711778415e-02 3.645266279666270037e+00
3.671679197994986987e-02 3.451292620804028211e+00
3.721804511278195560e-02 3.293945657634084867e+00
3.771929824561402744e-02 3.179792957042217871e+00
3.822055137844611317e-02 3.105047112362266937e+00
3.872180451127818501e-02 3.057740891126081273e+00
3.922305764411027074e-02 3.021575600760948443e+00
3.972431077694235646e-02 2.980761752430713951e+00
4.022556390977442831e-02 2.923947074149278347e+00
4.072681704260651403e-02 2.845711241532858260e+00
4.122807017543858588e-02 2.746281707592687304e+00
4.172932330827067160e-02 2.631152710164693875e+00
4.223057644110275732e-02 2.510605674934297760e+00
4.273182957393482917e-02 2.397404374392585691e+00
4.323308270676691489e-02 2.302226364698323646e+00
4.373433583959898674e-02 2.229274607862870461e+00
4.423558897243107246e-02 2.175020151676429148e+00
4.473684210526315819e-02 2.130435943586725500e+00
4.523809523809523003e-02 2.084676537395631968e+00
4.573934837092731576e-02 2.028310654866014584e+00
4.624060150375940148e-02 1.955652337372131733e+00
4.674185463659147333e-02 1.866303039227476646e+00
4.724310776942355905e-02 1.765633366065287424e+00
4.774436090225563090e-02 1.663752228251564880e+00
4.824561403508771662e-02 1.572903898978602388e+00
4.874686716791980234e-02 1.503771025451979382e+00
4.924812030075187419e-02 1.461590434215693568e+00
4.974937343358395991e-02 1.443363044157835784e+00
5.025062656641603176e-02 1.437639997549591264e+00
5.075187969924811748e-02 1.427898233367252079e+00
5.125313283208020321e-02 1.398964907598469143e+00
5.175438596491227505e-02 1.343857502503751356e+00
5.225563909774436078e-02 1.267408226351931289e+00
5.275689223057643262e-02 1.184402987481710579e+00
5.325814536340851835e-02 1.113010442352907248e+00
5.375939849624060407e-02 1.066856767054068733e+00
5.426065162907267592e-02 1.049622310600178965e+00
5.476190476190476164e-02 1.054528637763364918e+00
5.526315789473683349e-02 1.068535372299122876e+00
5.576441102756891921e-02 1.078620125260549401e+00
5.626566416040100493e-02 1.076453657082042215e+00
5.676691729323307678e-02 1.059117784308482468e+00
5.726817042606516250e-02 1.026640006562172802e+00
5.776942355889723435e-02 9.794888770580932880e-01
5.827067669172932007e-02 9.185550772353644478e-01
5.877192982456140580e-02 8.472174544147149655e-01
5.927318295739347764e-02 7.728691746741898072e-01
5.977443609022556337e-02 7.057927643953249008e-01
6.027568922305763521e-02 6.556384234767669295e-01
6.077694235588972094e-02 6.275910830150808195e-01
6.127819548872180666e-02 6.203059173009050076e-01
6.177944862155387851e-02 6.264408579323805792e-01
6.228070175438596423e-02 6.353600440501113722e-01
6.278195488721803608e-02 6.368600660462039320e-01
6.328320802005012180e-02 6.244521791241380848e-01
6.378446115288220752e-02 5.968649913880910152e-01
6.428571428571427937e-02 5.572957714021135045e-01
6.478696741854636509e-02 5.112395569162262454e-01
6.528822055137843694e-02 4.644353178505127300e-01
6.578947368421052266e-02 4.219200586525549967e-01
6.629072681704260839e-02 3.879627009090557688e-01
6.679197994987468023e-02 3.659803198303432925e-01
6.729323308270676596e-02 3.579148422641191818e-01
6.779448621553883780e-02 3.633517599084461480e-01
6.829573934837092353e-02 3.790540568289075818e-01
6.879699248120300925e-02 3.993907692597282177e-01
6.929824561403508110e-02 4.177415874805281426e-01
6.979949874686716682e-02 4.286042503710307261e-01
7.030075187969923867e-02 4.297089978099995489e-01
7.080200501253132439e-02 4.229962979798339018e-01
7.130325814536341011e-02 4.134369180609971939e-01
7.180451127819548196e-02 4.058963607648717886e-01
7.230576441102756768e-02 4.019246735562472805e-01
7.280701754385963953e-02 3.988256002265411215e-01
7.330827067669172525e-02 3.917711181240057239e-01
7.380952380952381098e-02 3.773360485350681359e-01
7.431077694235588282e-02 3.558219675987512876e-01
7.481203007518796855e-02 3.309064912806500836e-01
7.531328320802004039e-02 3.072530590710990106e-01
7.581453634085212612e-02 2.879772197710275816e-01
7.631578947368421184e-02 2.735419511416327110e-01
7.681704260651629756e-02 2.623083256783260153e-01
7.731829573934835553e-02 2.518245967648150008e-01
7.781954887218044126e-02 2.398830468367550706e-01
7.832080200501252698e-02 2.251613866954140231e-01
7.882205513784461270e-02 2.077999818740052240e-01
7.932330827067669843e-02 1.899052626976076574e-01
7.982456140350875640e-02 1.752960426868349630e-01
8.032581453634084212e-02 1.679023332862207285e-01
8.082706766917292784e-02 1.693452614970884784e-01
8.132832080200501357e-02 1.773749049001753508e-01
8.182957393483709929e-02 1.866572163503139314e-01
8.233082706766915726e-02 1.916389416827318504e-01
8.283208020050124298e-02 1.893747941556490622e-01
8.333333333333332871e-02 1.802003870088718929e-01
8.383458646616541443e-02 1.661414144134255588e-01
8.433583959899750015e-02 1.489303626934053992e-01
8.483709273182955812e-02 1.294438907256563187e-01
8.533834586466164385e-02 1.085721379980300744e-01
8.583959899749372957e-02 8.808968431434766044e-02
8.634085213032581529e-02 7.040407878911530970e-02
8.684210526315790102e-02 5.743269423703058207e-02
8.734335839598995899e-02 4.971021009404275048e-02
8.784461152882204471e-02 4.648485809388840095e-02
8.834586466165413043e-02 4.664189504589665719e-02
8.884711779448621616e-02 4.969268140386651211e-02
8.934837092731830188e-02 5.609890248957600384e-02
8.984962406015035985e-02 6.667738079760086867e-02
9.035087719298244557e-02 8.146246771988090163e-02
9.085213032581453130e-02 9.884454501747955146e-02
9.135338345864661702e-02 1.156796148646913325e-01
9.185463659147870275e-02 1.283807552766979276e-01
9.235588972431076071e-02 1.343448510884143188e-01
9.285714285714284644e-02 1.329883946931508520e-01
9.335839598997493216e-02 1.260013742894793565e-01
9.385964912280701788e-02 1.166859250072299070e-01
9.436090225563910361e-02 1.084563690014796605e-01
9.486215538847116158e-02 1.030962784908674296e-01
9.536340852130324730e-02 9.990704097607382150e-02
9.586466165413533302e-02 9.657001718555539849e-02
9.636591478696741875e-02 9.124471251347107681e-02
9.686716791979950447e-02 8.429164108193805405e-02
9.736842105263156244e-02 7.822959775111486269e-02
9.786967418546364816e-02 7.594538563491677607e-02
9.837092731829573389e-02 7.851764840906313991e-02
9.887218045112781961e-02 8.427003852682449225e-02
9.937343358395990534e-02 8.974049517411224197e-02
9.987468671679196330e-02 9.182851083344739651e-02
1.003759398496240490e-01 8.950838932308700924e-02
1.008771929824561348e-01 8.392198377255159769e-02
1.013784461152882205e-01 7.706342750605715830e-02
1.018796992481203062e-01 7.034805568491818428e-02
1.023809523809523642e-01 6.415289400392389096e-02
1.028822055137844499e-01 5.831784878764973562e-02
1.033834586466165356e-01 5.280490199279050390e-02
1.038847117794486213e-01 4.786926126493826206e-02
1.043859649122807071e-01 4.377496962680867132e-02
1.048872180451127650e-01 4.049862090543490667e-02
1.053884711779448508e-01 3.771930443112745529e-02
1.058897243107769365e-01 3.501762767555870182e-02
1.063909774436090222e-01 3.204277791795331204e-02
1.068922305764411079e-01 2.855112233342111186e-02
1.073934837092731659e-01 2.441896773704130275e-02
1.078947368421052516e-01 1.972962616455730886e-02
1.083959899749373373e-01 1.486948797115063281e-02
1.088972431077694231e-01 1.048785799236953004e-02
1.093984962406015088e-01 7.292108700466535740e-03
1.098997493734335668e-01 5.799078598088697536e-03
1.104010025062656525e-01 6.160663329199488232e-03
1.109022556390977382e-01 8.079384479770001723e-03
1.114035087719298239e-01 1.080686467731316672e-02
1.119047619047619097e-01 1.328907194909762120e-02
1.124060150375939676e-01 1.451354165351411395e-02
1.129072681704260533e-01 1.394142252581651899e-02
1.134085213032581391e-01 1.174776877084313803e-02
1.139097744360902248e-01 8.677888368165832811e-03
1.144110275689223105e-01 5.618262959058889332e-03
1.149122807017543685e-01 3.187849498162076672e-03
1.154135338345864542e-01 1.585241913918524663e-03
1.159147869674185399e-01 6.908658697814707306e-04
1.164160401002506257e-01 2.638711895916145923e-04
1.169172932330827114e-01 8.832632229463727516e-05
1.174185463659147693e-01 2.591124182080777960e-05
1.179197994987468551e-01 6.661717413472327228e-06
1.184210526315789408e-01 1.501011715467734286e-06
1.189223057644110265e-01 2.964024943767503302e-07
1.194235588972431122e-01 5.129553013942278177e-08
1.199248120300751702e-01 7.779955042107063025e-09
1.204260651629072559e-01 1.034128598907790713e-09
1.209273182957393417e-01 1.204680783069371413e-10
1.214285714285714274e-01 1.229938441827600044e-11
1.219298245614035131e-01 1.107088016704819511e-12
1.224310776942355711e-01 1.824995103566541679e-13
1.229323308270676568e-01 1.226123773319321656e-12
1.234335839598997425e-01 1.356292845901011022e-11
1.239348370927318282e-01 1.321159493700849610e-10
1.244360902255639140e-01 1.127893874355901666e-09
1.249373433583959719e-01 8.438809509812245540e-09
1.254385964912280715e-01 5.533424973509112535e-08
1.259398496240601295e-01 3.179850954412411133e-07
1.264411027568922430e-01 1.601472180873346158e-06
1.269423558897243010e-01 7.068575968465535696e-06
1.274436090225563589e-01 2.734288633175503336e-05
1.279448621553884724e-01 9.269507932792392878e-05
1.284461152882205304e-01 2.754031479622353110e-04
1.289473684210526438e-01 7.171021357899942184e-04
1.294486215538847018e-01 1.636413403765654348e-03
1.299498746867167598e-01 3.272690505228236825e-03
1.304511278195488733e-01 5.736100358424985057e-03
1.309523809523809312e-01 8.811065749234415698e-03
1.314536340852130447e-01 1.186151164295983981e-02
1.319548872180451027e-01 1.399431147605436666e-02
1.324561403508771606e-01 1.446981409240561539e-02
1.329573934837092741e-01 1.311216641773795856e-02
1.334586466165413321e-01 1.041327719880883081e-02
1.339598997493734456e-01 7.247921130779618956e-03
1.344611528822055035e-01 4.422307842141039516e-03
1.349624060150375615e-01 2.369714206926781027e-03
1.354636591478696750e-01 1.132254176379636013e-03
1.359649122807017330e-01 5.402854231575033358e-04
1.364661654135338464e-01 4.204242065454775242e-04
1.369674185463659044e-01 7.263685162008305836e-04
1.374686716791979624e-01 1.567954764802976034e-03
1.379699248120300759e-01 3.138692135006569944e-03
1.384711779448621338e-01 5.545392962830371537e-03
1.389724310776942473e-01 8.593815439984676605e-03
1.394736842105263053e-01 1.167304278083391815e-02
1.399749373433583632e-01 1.389592192948222241e-02
1.404761904761904767e-01 1.449743568283218091e-02
1.409774436090225347e-01 1.325546566330899380e-02
1.414786967418546482e-01 1.062181401806627096e-02
1.419799498746867061e-01 7.459372482004254790e-03
1.424812030075188196e-01 4.590984131433680990e-03
1.429824561403508776e-01 2.476333799947304411e-03
1.434837092731829356e-01 1.170610662386907357e-03
1.439849624060150490e-01 4.849708795338299769e-04
1.444862155388471070e-01 1.760835333653518317e-04
1.449874686716792205e-01 5.603014200338766998e-05
1.454887218045112784e-01 1.562516449746312308e-05
1.459899749373433364e-01 3.818804005671928148e-06
1.464912280701754499e-01 8.179561779559241173e-07
1.469924812030075079e-01 1.535439117536026553e-07
1.474937343358396213e-01 2.526009971895880715e-08
1.479949874686716793e-01 3.641978829162519986e-09
1.484962406015037373e-01 4.601926408433838544e-10
1.489974937343358508e-01 5.096145488861460922e-11
1.494987468671679087e-01 4.945883279986260683e-12
1.499999999999999944e-01 4.206741290360221368e-13
