0.000000000000000000e+00 1.506500729634393208e-02
5.016722408026755980e-02 1.676148559938795898e-02
1.003344481605351196e-01 1.856755833104304157e-02
1.505016722408026864e-01 2.048067865390206660e-02
2.006688963210702392e-01 2.249729350351058546e-02
2.508361204013377921e-01 2.461289270584688521e-02
3.010033444816053727e-01 2.682207937487046320e-02
3.511705685618728978e-01 2.911865940440275247e-02
4.013377926421404784e-01 3.149574718775730725e-02
4.515050167224080591e-01 3.394588413809821598e-02
5.016722408026755842e-01 3.646116616213241485e-02
5.518394648829431093e-01 3.903337597412826626e-02
6.020066889632107454e-01 4.165411603021251102e-02
6.521739130434782705e-01 4.431493791344243843e-02
7.023411371237457956e-01 4.700746420073849408e-02
7.525083612040134318e-01 4.972349918178119860e-02
8.026755852842809569e-01 5.245512526410955195e-02
8.528428093645484820e-01 5.519478247252954800e-02
9.030100334448161181e-01 5.793532911898406634e-02
9.531772575250836432e-01 6.067008246393423149e-02
1.003344481605351168e+00 6.339283899501398090e-02
1.053511705685618693e+00 6.609787478963398411e-02
1.103678929765886219e+00 6.877992728209487983e-02
1.153846153846153966e+00 7.143416058954175918e-02
1.204013377926421491e+00 7.405611732888472964e-02
1.254180602006689016e+00 7.664166053617912922e-02
1.304347826086956541e+00 7.918690983627019175e-02
1.354515050167224066e+00 8.168817635822168965e-02
1.404682274247491591e+00 8.414190101090189555e-02
1.454849498327759338e+00 8.654460059225432822e-02
1.505016722408026864e+00 8.889282578866665452e-02
1.555183946488294389e+00 9.118313442905381927e-02
1.605351170568561914e+00 9.341208241698407966e-02
1.655518394648829439e+00 9.557623361912406801e-02
1.705685618729096964e+00 9.767218870755145499e-02
1.755852842809364489e+00 9.969663162264114087e-02
1.806020066889632236e+00 1.016463910368133466e-01
1.856187290969899761e+00 1.035185130578680918e-01
1.906354515050167286e+00 1.053103405031312056e-01
1.956521739130434812e+00 1.070195934840552365e-01
2.006688963210702337e+00 1.086444458122018536e-01
2.056856187290970084e+00 1.101835919043131495e-01
2.107023411371237387e+00 1.116362994116276430e-01
2.157190635451505134e+00 1.130024436933623477e-01
2.207357859531772437e+00 1.142825214237154913e-01
2.257525083612040184e+00 1.154776419784788871e-01
2.307692307692307931e+00 1.165894966841128227e-01
2.357859531772575234e+00 1.176203074208010402e-01
2.408026755852842982e+00 1.185727573478548846e-01
2.458193979933110285e+00 1.194499075745642791e-01
2.508361204013378032e+00 1.202551043645008894e-01
2.558528428093645335e+00 1.209918818959348219e-01
2.608695652173913082e+00 1.216638656901777721e-01
2.658862876254180829e+00 1.222746815793082364e-01
2.709030100334448132e+00 1.228278745512056958e-01
2.759197324414715879e+00 1.233268410387098890e-01
2.809364548494983183e+00 1.237747772800398133e-01
2.859531772575250930e+00 1.241746453383808235e-01
2.909698996655518677e+00 1.245291573024319975e-01
2.959866220735785980e+00 1.248407771568090935e-01
3.010033444816053727e+00 1.251117388653486817e-01
3.060200668896321030e+00 1.253440783891675292e-01
3.110367892976588777e+00 1.255396766922822205e-01
3.160535117056856080e+00 1.257003102861759258e-01
3.210702341137123828e+00 1.258277055370796982e-01
3.260869565217391575e+00 1.259235928076941902e-01
3.311036789297658878e+00 1.259897565254642360e-01
3.361204013377926625e+00 1.260280774581546415e-01
3.411371237458193928e+00 1.260405638307420806e-01
3.461538461538461675e+00 1.260293684275000381e-01
3.511705685618728978e+00 1.259967894841582947e-01
3.561872909698996725e+00 1.259452539715399388e-01
3.612040133779264472e+00 1.258772827864426402e-01
3.662207357859531776e+00 1.257954383683945465e-01
3.712374581939799523e+00 1.257022563137271953e-01
3.762541806020066826e+00 1.256001636120747667e-01
3.812709030100334573e+00 1.254913871274983828e-01
3.862876254180602320e+00 1.253778568241665226e-01
3.913043478260869623e+00 1.252611089280014356e-01
3.963210702341137370e+00 1.251421946626667392e-01
4.013377926421404673e+00 1.250216003472256476e-01
4.063545150501671976e+00 1.248991844576539251e-01
4.113712374581940168e+00 1.247741367192529288e-01
4.163879598662207471e+00 1.246449634174366522e-01
4.214046822742474774e+00 1.245095019217003218e-01
4.264214046822742965e+00 1.243649659672922680e-01
4.314381270903010268e+00 1.242080216065753751e-01
4.364548494983277571e+00 1.240348920228074858e-01
4.414715719063544874e+00 1.238414876956154681e-01
4.464882943143813065e+00 1.236235568312975958e-01
4.515050167224080369e+00 1.233768496232994227e-01
4.565217391304347672e+00 1.230972888887706534e-01
4.615384615384615863e+00 1.227811390053670931e-01
4.665551839464883166e+00 1.224251649072822662e-01
4.715719063545150469e+00 1.220267732108056696e-01
4.765886287625417772e+00 1.215841283241501924e-01
4.816053511705685963e+00 1.210962376158336434e-01
4.866220735785953266e+00 1.205630013051006977e-01
4.916387959866220569e+00 1.199852246044237070e-01
4.966555183946488761e+00 1.193645916766822995e-01
5.016722408026756064e+00 1.187036030416388360e-01
5.066889632107023367e+00 1.180054800501663115e-01
5.117056856187290670e+00 1.172740418102578147e-01
5.167224080267558861e+00 1.165135613867371717e-01
5.217391304347826164e+00 1.157286091098053277e-01
5.267558528428093467e+00 1.149238913536981960e-01
5.317725752508361658e+00 1.141040931526142582e-01
5.367892976588628962e+00 1.132737325093387815e-01
5.418060200668896265e+00 1.124370332625939523e-01
5.468227424749164456e+00 1.115978219833135415e-01
5.518394648829431759e+00 1.107594526675318158e-01
5.568561872909699062e+00 1.099247611045854750e-01
5.618729096989966365e+00 1.090960488552510099e-01
5.668896321070234556e+00 1.082750949087973591e-01
5.719063545150501859e+00 1.074631914238186881e-01
5.769230769230769162e+00 1.066611986059949196e-01
5.819397993311037354e+00 1.058696128148937099e-01
5.869565217391304657e+00 1.050886414785804079e-01
5.919732441471571960e+00 1.043182783450116308e-01
5.969899665551839263e+00 1.035583730015217085e-01
6.020066889632107454e+00 1.028086894022484932e-01
6.070234113712374757e+00 1.020689492870937715e-01
6.120401337792642060e+00 1.013388577622784670e-01
6.170568561872910252e+00 1.006181098388586187e-01
6.220735785953177555e+00 9.990637828027729150e-02
6.270903010033444858e+00 9.920328458772523228e-02
6.321070234113712161e+00 9.850835625594532574e-02
6.371237458193980352e+00 9.782097448080345758e-02
6.421404682274247655e+00 9.714031723522836836e-02
6.471571906354514958e+00 9.646530301232104920e-02
6.521739130434783149e+00 9.579454055504940668e-02
6.571906354515050452e+00 9.512628955877361348e-02
6.622073578595317755e+00 9.445843668209834287e-02
6.672240802675585059e+00 9.378849028299456048e-02
6.722408026755853250e+00 9.311359617633734043e-02
6.772575250836120553e+00 9.243057546169673733e-02
6.822742474916387856e+00 9.173598417313419406e-02
6.872909698996656047e+00 9.102619323453405020e-02
6.923076923076923350e+00 9.029748603605629309e-02
6.973244147157190653e+00 8.954616994174276201e-02
7.023411371237457956e+00 8.876869724619639024e-02
7.073578595317726148e+00 8.796179055301091287e-02
7.123745819397993451e+00 8.712256727099396136e-02
7.173913043478260754e+00 8.624865791952486538e-02
7.224080267558528945e+00 8.533831319057400000e-02
7.274247491638796248e+00 8.439049520776145674e-02
7.324414715719063551e+00 8.340494911831215774e-02
7.374581939799330854e+00 8.238225200561097306e-02
7.424749163879599045e+00 8.132383707117979421e-02
7.474916387959866348e+00 8.023199205157650893e-02
7.525083612040133652e+00 7.910983185649970995e-02
7.575250836120401843e+00 7.796124639276179324e-02
7.625418060200669146e+00 7.679082542935747324e-02
7.675585284280936449e+00 7.560376313009883886e-02
7.725752508361204640e+00 7.440574550561691869e-02
7.775919732441471943e+00 7.320282450027031096e-02
7.826086956521739246e+00 7.200128272848804745e-02
7.876254180602006549e+00 7.080749301149191766e-02
7.926421404682274741e+00 6.962777685180497611e-02
7.976588628762542044e+00 6.846826583841206237e-02
8.026755852842809347e+00 6.733476971875566874e-02
8.076923076923076650e+00 6.623265453034873906e-02
8.127090301003343953e+00 6.516673377400307443e-02
8.177257525083613032e+00 6.414117515285573667e-02
8.227424749163880335e+00 6.315942491110508594e-02
8.277591973244147638e+00 6.222415129537146872e-02
8.327759197324414941e+00 6.133720813680667433e-02
8.377926421404682245e+00 6.049961901934358677e-02
8.428093645484949548e+00 5.971158196227890902e-02
8.478260869565216851e+00 5.897249400908259609e-02
8.528428093645485930e+00 5.828099458567730790e-02
8.578595317725753233e+00 5.763502598190625714e-02
8.628762541806020536e+00 5.703190883254955629e-02
8.678929765886287839e+00 5.646843004921396625e-02
8.729096989966555142e+00 5.594094029934031792e-02
8.779264214046822445e+00 5.544545786652921998e-02
8.829431438127089748e+00 5.497777557367603679e-02
8.879598662207358828e+00 5.453356742217017883e-02
8.929765886287626131e+00 5.410849170367236505e-02
8.979933110367893434e+00 5.369828757347380049e-02
9.030100334448160737e+00 5.329886242809971780e-02
9.080267558528428040e+00 5.290636788330905366e-02
9.130434782608695343e+00 5.251726267900425071e-02
9.180602006688962646e+00 5.212836141151806768e-02
9.230769230769231726e+00 5.173686858129081245e-02
9.280936454849499029e+00 5.134039801141342119e-02
9.331103678929766332e+00 5.093697821496465106e-02
9.381270903010033635e+00 5.052504474330680312e-02
9.431438127090300938e+00 5.010342092174211587e-02
9.481605351170568241e+00 4.967128866633230277e-02
9.531772575250835544e+00 4.922815127762608656e-02
9.581939799331104624e+00 4.877379023064373764e-02
9.632107023411371927e+00 4.830821803352043642e-02
9.682274247491639230e+00 4.783162922158051139e-02
9.732441471571906533e+00 4.734435149589730912e-02
9.782608695652173836e+00 4.684679891228051701e-02
9.832775919732441139e+00 4.633942887907432917e-02
9.882943143812708442e+00 4.582270452952483947e-02
9.933110367892977521e+00 4.529706379312188613e-02
9.983277591973244824e+00 4.476289619820353338e-02
1.003344481605351213e+01 4.422052809464992879e-02
1.008361204013377943e+01 4.367021659626135061e-02
1.013377926421404673e+01 4.311215211821382842e-02
1.018394648829431404e+01 4.254646894515693584e-02
1.023411371237458134e+01 4.197326283447359169e-02
1.028428093645485042e+01 4.139261426762367441e-02
1.033444816053511772e+01 4.080461564133865127e-02
1.038461538461538503e+01 4.020940046989750910e-02
1.043478260869565233e+01 3.960717257371037386e-02
1.048494983277591963e+01 3.899823327226991515e-02
1.053511705685618693e+01 3.838300478372198843e-02
1.058528428093645424e+01 3.776204834776081265e-02
1.063545150501672332e+01 3.713607600821895033e-02
1.068561872909699062e+01 3.650595548106261995e-02
1.073578595317725792e+01 3.587270804822770276e-02
1.078595317725752523e+01 3.523749991013511162e-02
1.083612040133779253e+01 3.460162785474100305e-02
1.088628762541805983e+01 3.396650041912815943e-02
1.093645484949832891e+01 3.333361590467558838e-02
1.098662207357859621e+01 3.270453864507289615e-02
1.103678929765886352e+01 3.208087482270691876e-02
1.108695652173913082e+01 3.146424890150131132e-02
1.113712374581939812e+01 3.085628142698608814e-02
1.118729096989966543e+01 3.025856857866793259e-02
1.123745819397993273e+01 2.967266349384864790e-02
1.128762541806020181e+01 2.910005906057741218e-02
1.133779264214046911e+01 2.854217164164281687e-02
1.138795986622073642e+01 2.800032506856927131e-02
1.143812709030100372e+01 2.747573425055201135e-02
1.148829431438127102e+01 2.696948787547246221e-02
1.153846153846153832e+01 2.648252992320414625e-02
1.158862876254180563e+01 2.601564003406054912e-02
1.163879598662207471e+01 2.556941313863040494e-02
1.168896321070234201e+01 2.514423911375211068e-02
1.173913043478260931e+01 2.474028353872895561e-02
1.178929765886287662e+01 2.435747084620849129e-02
1.183946488294314392e+01 2.399547126358438781e-02
1.188963210702341122e+01 2.365369290657063500e-02
1.193979933110367853e+01 2.333128021414851774e-02
1.198996655518394761e+01 2.302711961619517689e-02
1.204013377926421491e+01 2.273985292773256228e-02
1.209030100334448221e+01 2.246789850311168082e-02
1.214046822742474951e+01 2.220947970258400558e-02
1.219063545150501682e+01 2.196265976705220196e-02
1.224080267558528412e+01 2.172538180642350977e-02
1.229096989966555142e+01 2.149551231704116550e-02
1.234113712374582050e+01 2.127088647872068736e-02
1.239130434782608781e+01 2.104935345234320437e-02
1.244147157190635511e+01 2.082882000283752325e-02
1.249163879598662241e+01 2.060729099353770036e-02
1.254180602006688972e+01 2.038290560999096376e-02
1.259197324414715702e+01 2.015396853950325237e-02
1.264214046822742432e+01 1.991897571864434391e-02
1.269230769230769340e+01 1.967663462583174594e-02
1.274247491638796070e+01 1.942587940608138733e-02
1.279264214046822801e+01 1.916588134296339646e-02
1.284280936454849531e+01 1.889605532273779670e-02
1.289297658862876261e+01 1.861606296214819017e-02
1.294314381270902992e+01 1.832581300141014266e-02
1.299331103678929722e+01 1.802545941409944633e-02
1.304347826086956630e+01 1.771539748141696263e-02
1.309364548494983360e+01 1.739625784940834752e-02
1.314381270903010090e+01 1.706889836639059396e-02
1.319397993311036821e+01 1.673439331383019812e-02
1.324414715719063551e+01 1.639401952264167225e-02
1.329431438127090281e+01 1.604923882617245376e-02
1.334448160535117012e+01 1.570167635004832141e-02
1.339464882943143920e+01 1.535309427739766502e-02
1.344481605351170650e+01 1.500536094632514902e-02
1.349498327759197380e+01 1.466041541786485512e-02
1.354515050167224111e+01 1.432022797400599352e-02
1.359531772575250841e+01 1.398675734023394242e-02
1.364548494983277571e+01 1.366190574747660341e-02
1.369565217391304301e+01 1.334747322770510856e-02
1.374581939799331209e+01 1.304511275204179102e-02
1.379598662207357940e+01 1.275628795107139682e-02
1.384615384615384670e+01 1.248223519080882658e-02
1.389632107023411400e+01 1.222393170775972794e-02
1.394648829431438131e+01 1.198207133228272603e-02
1.399665551839464861e+01 1.175704905730928958e-02
1.404682274247491591e+01 1.154895535159639400e-02
1.409698996655518499e+01 1.135758069049004788e-02
1.414715719063545230e+01 1.118243030478107899e-02
1.419732441471571960e+01 1.102274865499273081e-02
1.424749163879598690e+01 1.087755265217064428e-02
1.429765886287625420e+01 1.074567219551860429e-02
1.434782608695652151e+01 1.062579621013505851e-02
1.439799331103678881e+01 1.051652207027225540e-02
1.444816053511705789e+01 1.041640610669278093e-02
1.449832775919732519e+01 1.032401283658471516e-02
1.454849498327759250e+01 1.023796062970638854e-02
1.459866220735785980e+01 1.015696173483054791e-02
1.464882943143812710e+01 1.007985492692494572e-02
1.469899665551839441e+01 1.000562947928860906e-02
1.474916387959866171e+01 9.933439689000523806e-03
1.479933110367893079e+01 9.862609754597311332e-03
1.484949832775919809e+01 9.792629383129749024e-03
1.489966555183946539e+01 9.723141049331574665e-03
1.494983277591973270e+01 9.653920303418302498e-03
1.500000000000000000e+01 9.584850892000874867e-03
