-5.000000000000000278e-02 5.690389959897696018e-09
-4.949874686716792399e-02 3.000461255452723005e-08
-4.899749373433584521e-02 1.431038252678513354e-07
-4.849624060150375948e-02 6.173503358109432590e-07
-4.799498746867168070e-02 2.408958734288588525e-06
-4.749373433583960191e-02 8.502453362414659398e-06
-4.699248120300752313e-02 2.714415848461672960e-05
-4.649122807017544434e-02 7.838369500766808695e-05
-4.598997493734335862e-02 2.047351015542255297e-04
-4.548872180451127983e-02 4.837000254673600396e-04
-4.498746867167920105e-02 1.033658638095281924e-03
-4.448621553884712226e-02 1.997999579142811701e-03
-4.398496240601504348e-02 3.493259691886743071e-03
-4.348370927318295776e-02 5.524380447446530958e-03
-4.298245614035087897e-02 7.902300039029197531e-03
-4.248120300751880019e-02 1.022446733160864603e-02
-4.197994987468672140e-02 1.196589452196300876e-02
-4.147869674185464262e-02 1.266681039102063484e-02
-4.097744360902255689e-02 1.212854334989068444e-02
-4.047619047619047811e-02 1.050456106009779386e-02
-3.997493734335839932e-02 8.230382434476643527e-03
-3.947368421052632054e-02 5.836737935096890373e-03
-3.897243107769424175e-02 3.757173060974831891e-03
-3.847117794486215603e-02 2.227874009243194665e-03
-3.796992481203007724e-02 1.306768080729220653e-03
-3.746867167919799846e-02 9.718425110980978684e-04
-3.696741854636591967e-02 1.235198794126067491e-03
-3.646616541353384089e-02 2.224524139442234094e-03
-3.596491228070175517e-02 4.209868210405327132e-03
-3.546365914786967638e-02 7.573474590889538866e-03
-3.496240601503759760e-02 1.273459841616588102e-02
-3.446115288220551881e-02 2.005340197371635949e-02
-3.395989974937344003e-02 2.974296271511040271e-02
-3.345864661654135430e-02 4.181024758214121895e-02
-3.295739348370927552e-02 5.603501729423477490e-02
-3.245614035087719673e-02 7.200167891103560758e-02
-3.195488721804511101e-02 8.922799007206756727e-02
-3.145363408521303916e-02 1.074490234873566041e-01
-3.095238095238095691e-02 1.270534801184745044e-01
-3.045112781954887465e-02 1.495131651594697741e-01
-2.994987468671679587e-02 1.774851173523315506e-01
-2.944862155388471361e-02 2.142829280097647837e-01
-2.894736842105263483e-02 2.627401996095126147e-01
-2.844611528822055604e-02 3.240089906371594886e-01
-2.794486215538847379e-02 3.971582865303290300e-01
-2.744360902255639501e-02 4.801734424307043669e-01
-2.694235588972431275e-02 5.721220548408512130e-01
-2.644110275689223397e-02 6.753723029842316761e-01
-2.593984962406015171e-02 7.964988000001246293e-01
-2.543859649122807293e-02 9.451738846905891611e-01
-2.493734335839599414e-02 1.131589527600877831e+00
-2.443609022556391189e-02 1.364030479842712751e+00
-2.393483709273183310e-02 1.648336101841883394e+00
-2.343358395989975085e-02 1.989798177684630298e+00
-2.293233082706767206e-02 2.396089887580937106e+00
-2.243107769423559328e-02 2.878554063350227565e+00
-2.192982456140351102e-02 3.449998530175970135e+00
-2.142857142857143224e-02 4.119927290928990793e+00
-2.092731829573934998e-02 4.890759529029068631e+00
-2.042606516290727120e-02 5.758547033731515441e+00
-1.992481203007519241e-02 6.718602699430129555e+00
-1.942355889724311016e-02 7.772758703028544325e+00
-1.892230576441103138e-02 8.933801361792831131e+00
-1.842105263157894912e-02 1.022471159109906580e+01
-1.791979949874687034e-02 1.167343687868690516e+01
-1.741854636591479155e-02 1.330541039992032104e+01
-1.691729323308271277e-02 1.513567528732141554e+01
-1.641604010025062704e-02 1.716209538938112189e+01
-1.591478696741854826e-02 1.936177625449690254e+01
-1.541353383458646947e-02 2.169312924629886652e+01
-1.491228070175439069e-02 2.410409085392297968e+01
-1.441102756892231190e-02 2.654331673252557522e+01
-1.390977443609022618e-02 2.896861777701423790e+01
-1.340852130325814739e-02 3.134793417333763088e+01
-1.290726817042606861e-02 3.365229311342230289e+01
-1.240601503759398982e-02 3.584470861311781675e+01
-1.190476190476191104e-02 3.787119931104029291e+01
-1.140350877192982532e-02 3.965905447998348166e+01
-1.090225563909774653e-02 4.112394801269392985e+01
-1.040100250626566775e-02 4.218338866326153891e+01
-9.899749373433588961e-03 4.277146298253152423e+01
-9.398496240601510177e-03 4.285009297650358207e+01
-8.897243107769424453e-03 4.241448399152592685e+01
-8.395989974937345668e-03 4.149312313798576923e+01
-7.894736842105266883e-03 4.014396283378525965e+01
-7.393483709273188098e-03 3.844820582565824196e+01
-6.892230576441109313e-03 3.650250972248787917e+01
-6.390977443609023589e-03 3.441036361744259153e+01
-5.889724310776944805e-03 3.227372189729936736e+01
-5.388471177944866020e-03 3.018598098643499483e+01
-4.887218045112787235e-03 2.822674575249722295e+01
-4.385964912280708450e-03 2.645804816256443814e+01
-3.884711779448622726e-03 2.492148704237697032e+01
-3.383458646616543941e-03 2.363636253522974684e+01
-2.882205513784465156e-03 2.259976030317964302e+01
-2.380952380952386371e-03 2.178985982480695327e+01
-1.879699248120300648e-03 2.117293606229545944e+01
-1.378446115288221863e-03 2.071273925297764862e+01
-8.771929824561430777e-04 2.037913233928153289e+01
-3.759398496240642928e-04 2.015241561029342066e+01
1.253132832080144921e-04 2.002151842140249371e+01
6.265664160401002158e-04 1.997753141347029882e+01
1.127819548872179001e-03 2.000676278970205502e+01
1.629072681704257786e-03 2.008753752794346781e+01
2.130325814536336571e-03 2.019217202089277663e+01
2.631578947368415355e-03 2.029212909416961352e+01
3.132832080200501079e-03 2.036295772515539326e+01
3.634085213032579864e-03 2.038698446726693447e+01
4.135338345864658649e-03 2.035409967234733131e+01
4.636591478696737434e-03 2.026201728110975608e+01
5.137844611528816219e-03 2.011644179659124276e+01
5.639097744360901943e-03 1.993010123334505224e+01
6.140350877192980728e-03 1.971942207500548960e+01
6.641604010025059512e-03 1.949910409225349994e+01
7.142857142857138297e-03 1.927673901115146293e+01
7.644110275689217082e-03 1.905026456593536466e+01
8.145363408521302806e-03 1.880975594741785173e+01
8.646616541353381591e-03 1.854255325103814656e+01
9.147869674185460376e-03 1.823868021716722154e+01
9.649122807017539161e-03 1.789344032528910944e+01
1.015037593984961795e-02 1.750618468096276814e+01
1.065162907268170367e-02 1.707708301234734094e+01
1.115288220551378245e-02 1.660514414209529832e+01
1.165413533834586124e-02 1.608957013176640416e+01
1.215538847117794002e-02 1.553369108257144582e+01
1.265664160401001881e-02 1.494852808014651835e+01
1.315789473684210453e-02 1.435321269255796039e+01
1.365914786967417638e-02 1.377169519403090270e+01
1.416040100250626210e-02 1.322740677565719203e+01
1.466165413533834783e-02 1.273816623390060343e+01
1.516290726817041967e-02 1.231275833914961737e+01
1.566416040100250540e-02 1.194956485848719829e+01
1.616541353383457724e-02 1.163725655197080400e+01
1.666666666666666297e-02 1.135751954339865399e+01
1.716791979949874869e-02 1.108937617878190274e+01
1.766917293233082054e-02 1.081391945043474223e+01
1.817042606516290626e-02 1.051802857210972242e+01
1.867167919799497811e-02 1.019633151596975473e+01
1.917293233082706383e-02 9.851651209029192557e+00
1.967418546365914955e-02 9.494301025627470025e+00
2.017543859649122140e-02 9.139817108302652926e+00
2.067669172932330712e-02 8.804388823651684959e+00
2.117794486215537897e-02 8.498604926541540650e+00
2.167919799498746469e-02 8.222406125385306908e+00
2.218045112781955042e-02 7.964833949798247659e+00
2.268170426065162226e-02 7.709703468045134400e+00
2.318295739348370799e-02 7.444198330118394047e+00
2.368421052631577983e-02 7.165130126888344719e+00
2.418546365914786556e-02 6.879331526212681958e+00
2.468671679197995128e-02 6.598869196720376529e+00
2.518796992481202313e-02 6.334865337077236092e+00
2.568922305764410885e-02 6.093487454283520677e+00
2.619047619047618070e-02 5.875083637839281892e+00
2.669172932330826642e-02 5.675232970014358003e+00
2.719298245614035214e-02 5.486289672604472756e+00
2.769423558897242399e-02 5.299116366481195328e+00
2.819548872180450971e-02 5.105339618117291423e+00
2.869674185463658156e-02 4.899867149143639189e+00
2.919799498746866728e-02 4.682508128264815994e+00
2.969924812030075301e-02 4.457647897719230201e+00
3.020050125313282485e-02 4.232155591227041214e+00
3.070175438596491058e-02 4.012859564380107713e+00
3.120300751879698242e-02 3.804904957688769240e+00
3.170426065162906815e-02 3.611297176551748311e+00
3.220551378446115387e-02 3.433110510584972630e+00
3.270676691729322572e-02 3.269956053253964434e+00
3.320802005012531144e-02 3.120845471434519069e+00
3.370927318295738329e-02 2.985517496203305754e+00
3.421052631578946901e-02 2.865476190986511185e+00
3.471177944862155473e-02 2.763508014339998820e+00
3.521303258145362658e-02 2.681298774760580095e+00
3.571428571428571230e-02 2.616495055517141122e+00
3.621553884711778415e-02 2.561500844413431732e+00
3.671679197994986987e-02 2.505363344619549792e+00
3.721804511278195560e-02 2.437921768713135595e+00
3.771929824561402744e-02 2.353748523632629208e+00
3.822055137844611317e-02 2.253574886441196412e+00
3.872180451127818501e-02 2.142626664726497321e+00
3.922305764411027074e-02 2.027236048774597510e+00
3.972431077694235646e-02 1.911907944169751294e+00
4.022556390977442831e-02 1.798324702690546895e+00
4.072681704260651403e-02 1.686279879169913620e+00
4.122807017543858588e-02 1.575379996887210421e+00
4.172932330827067160e-02 1.466227892146459322e+00
4.223057644110275732e-02 1.360519489244564451e+00
4.273182957393482917e-02 1.260337679820940249e+00
4.323308270676691489e-02 1.167333279371041144e+00
4.373433583959898674e-02 1.082343768692908270e+00
4.423558897243107246e-02 1.005568355229259581e+00
4.473684210526315819e-02 9.370124604871092888e-01
4.523809523809523003e-02 8.767624946825940402e-01
4.573934837092731576e-02 8.248295197685074909e-01
4.624060150375940148e-02 7.806800941638575297e-01
4.674185463659147333e-02 7.428503226027751705e-01
4.724310776942355905e-02 7.089715560837405173e-01
4.774436090225563090e-02 6.762123146124783268e-01
4.824561403508771662e-02 6.419135669928770493e-01
4.874686716791980234e-02 6.042530636568886893e-01
4.924812030075187419e-02 5.628964366882678316e-01
4.974937343358395991e-02 5.194759068274916736e-01
5.025062656641603176e-02 4.774984463116888067e-01
5.075187969924811748e-02 4.413743289630068234e-01
5.125313283208020321e-02 4.148177331625015340e-01
5.175438596491227505e-02 3.994228762234495189e-01
5.225563909774436078e-02 3.941670856624939767e-01
5.275689223057643262e-02 3.959452211376565667e-01
5.325814536340851835e-02 4.006198131594386758e-01
5.375939849624060407e-02 4.040098906301892723e-01
5.426065162907267592e-02 4.026298649356595538e-01
5.476190476190476164e-02 3.942920163208262219e-01
5.526315789473683349e-02 3.785902285608966911e-01
5.576441102756891921e-02 3.570121525877173463e-01
5.626566416040100493e-02 3.324092833314166717e-01
5.676691729323307678e-02 3.079000058927370831e-01
5.726817042606516250e-02 2.856820253945792087e-01
5.776942355889723435e-02 2.663297078086526160e-01
5.827067669172932007e-02 2.488904115582429577e-01
5.877192982456140580e-02 2.316853326532399004e-01
5.927318295739347764e-02 2.133974471401151596e-01
5.977443609022556337e-02 1.939077076151176360e-01
6.027568922305763521e-02 1.744570867489940169e-01
6.077694235588972094e-02 1.570470565813365527e-01
6.127819548872180666e-02 1.434117194208668900e-01
6.177944862155387851e-02 1.341562437051563306e-01
6.228070175438596423e-02 1.285587387579526231e-01
6.278195488721803608e-02 1.251085858632887127e-01
6.328320802005012180e-02 1.223829893965454885e-01
6.378446115288220752e-02 1.196738397420310240e-01
6.428571428571427937e-02 1.169975600241497105e-01
6.478696741854636509e-02 1.145811461630690670e-01
6.528822055137843694e-02 1.122757902350675074e-01
6.578947368421052266e-02 1.093496213913033727e-01
6.629072681704260839e-02 1.047806769629881507e-01
6.679197994987468023e-02 9.779408833225090858e-02
6.729323308270676596e-02 8.826116299477519689e-02
6.779448621553883780e-02 7.675962027624870510e-02
6.829573934837092353e-02 6.437262172894103740e-02
6.879699248120300925e-02 5.242584830090769171e-02
6.929824561403508110e-02 4.227405796030495738e-02
6.979949874686716682e-02 3.511109205252310045e-02
7.030075187969923867e-02 3.175635489682111096e-02
7.080200501253132439e-02 3.246196377553295376e-02
7.130325814536341011e-02 3.684804098185304189e-02
7.180451127819548196e-02 4.401121232071712047e-02
7.230576441102756768e-02 5.272169931638017587e-02
7.280701754385963953e-02 6.157699092881843000e-02
7.330827067669172525e-02 6.908392727051401727e-02
7.380952380952381098e-02 7.378761494272945143e-02
7.431077694235588282e-02 7.456882589545593687e-02
7.481203007518796855e-02 7.104384119611505122e-02
7.531328320802004039e-02 6.380336989607070242e-02
7.581453634085212612e-02 5.425493347855947501e-02
7.631578947368421184e-02 4.410421449596066412e-02
7.681704260651629756e-02 3.478107051977948755e-02
7.731829573934835553e-02 2.713015298307002582e-02
7.781954887218044126e-02 2.144559813654469890e-02
7.832080200501252698e-02 1.767524490587654012e-02
7.882205513784461270e-02 1.557221511494010988e-02
7.932330827067669843e-02 1.472433562790849762e-02
7.982456140350875640e-02 1.456005346099839906e-02
8.032581453634084212e-02 1.445402543555170810e-02
8.082706766917292784e-02 1.393931417782479261e-02
8.132832080200501357e-02 1.290444222825009972e-02
8.182957393483709929e-02 1.163118082148512610e-02
8.233082706766915726e-02 1.062538987206413515e-02
8.283208020050124298e-02 1.032613828048696385e-02
8.333333333333332871e-02 1.085337405185101724e-02
8.383458646616541443e-02 1.193323740551446854e-02
8.433583959899750015e-02 1.304596600436303336e-02
8.483709273182955812e-02 1.372628774377407379e-02
8.533834586466164385e-02 1.386380667320461293e-02
8.583959899749372957e-02 1.384099273880426938e-02
8.634085213032581529e-02 1.441736481711421158e-02
8.684210526315790102e-02 1.638716171835825908e-02
8.734335839598995899e-02 2.014841444687894695e-02
8.784461152882204471e-02 2.537869236195973779e-02
8.834586466165413043e-02 3.099386488469874773e-02
8.884711779448621616e-02 3.546285525715901776e-02
8.934837092731830188e-02 3.738284173756517559e-02
8.984962406015035985e-02 3.606088458629476412e-02
9.035087719298244557e-02 3.181102619862748171e-02
9.085213032581453130e-02 2.581588337412117629e-02
9.135338345864661702e-02 1.964043736625049191e-02
9.185463659147870275e-02 1.465740791187222260e-02
9.235588972431076071e-02 1.163947387313878611e-02
9.285714285714284644e-02 1.063338843145556802e-02
9.335839598997493216e-02 1.108428197486806266e-02
9.385964912280701788e-02 1.211128267600873436e-02
9.436090225563910361e-02 1.283321583702515950e-02
9.486215538847116158e-02 1.265124118177255591e-02
9.536340852130324730e-02 1.140201229527981058e-02
9.586466165413533302e-02 9.331669097071735100e-03
9.636591478696741875e-02 6.918023688464232379e-03
9.686716791979950447e-02 4.641428113003055224e-03
9.736842105263156244e-02 2.817231104267355502e-03
9.786967418546364816e-02 1.546825512987051645e-03
9.837092731829573389e-02 7.682254485868253305e-04
9.887218045112781961e-02 3.451099021301880622e-04
9.937343358395990534e-02 1.402312802076809985e-04
9.987468671679196330e-02 5.154068218343858143e-05
1.003759398496240490e-01 1.713455610782622341e-05
1.008771929824561348e-01 5.152438957031399267e-06
1.013784461152882205e-01 1.401425793228324833e-06
1.018796992481203062e-01 3.447820074236185631e-07
1.023809523809523642e-01 7.672489650159587847e-08
1.028822055137844499e-01 1.544348305929634277e-08
1.033834586466165356e-01 2.811715838810694566e-09
1.038847117794486213e-01 4.630360715907257594e-10
1.043859649122807071e-01 6.897241752468499367e-11
1.048872180451127650e-01 9.292943533149417118e-12
1.053884711779448508e-01 1.132526502966388645e-12
1.058897243107769365e-01 1.248419880216641871e-13
1.063909774436090222e-01 1.244773180585546177e-14
1.068922305764411079e-01 1.122641115734067447e-15
1.073934837092731659e-01 9.175664423313572792e-17
1.078947368421052516e-01 9.494461648808238381e-18
1.083959899749373373e-01 3.882430201656858091e-17
1.088972431077694231e-01 4.866552408468303219e-16
1.093984962406015088e-01 5.581904869182067356e-15
1.098997493734335668e-01 5.791415843636234644e-14
1.104010025062656525e-01 5.435060837553709735e-13
1.109022556390977382e-01 4.613614423832697803e-12
1.114035087719298239e-01 3.542382132291595113e-11
1.119047619047619097e-01 2.460179227008380505e-10
1.124060150375939676e-01 1.545451255387504732e-09
1.129072681704260533e-01 8.781346258803679662e-09
1.134085213032581391e-01 4.513195213091546150e-08
1.139097744360902248e-01 2.098091196425695744e-07
1.144110275689223105e-01 8.822300170366639682e-07
1.149122807017543685e-01 3.355494450239762716e-06
1.154135338345864542e-01 1.154379074312006555e-05
1.159147869674185399e-01 3.592175879622441179e-05
1.164160401002506257e-01 1.011076380810580492e-04
1.169172932330827114e-01 2.574112739991213849e-04
1.174185463659147693e-01 5.927729659165036644e-04
1.179197994987468551e-01 1.234714191507332165e-03
1.184210526315789408e-01 2.326278553289910182e-03
1.189223057644110265e-01 3.964370354166903317e-03
1.194235588972431122e-01 6.110882719908031398e-03
1.199248120300751702e-01 8.520221865304286255e-03
1.204260651629072559e-01 1.074521438887454140e-02
1.209273182957393417e-01 1.225734731462173495e-02
1.214285714285714274e-01 1.264722151530212058e-02
1.219298245614035131e-01 1.180350489485370441e-02
1.224310776942355711e-01 9.964237481614892852e-03
1.229323308270676568e-01 7.608418291100093288e-03
1.234335839598997425e-01 5.254869295423077180e-03
1.239348370927318282e-01 3.282817059504274711e-03
1.244360902255639140e-01 1.855020318824285091e-03
1.249373433583959719e-01 9.481299956185205990e-04
1.254385964912280715e-01 4.383331614871529744e-04
1.259398496240601295e-01 1.832981135366439866e-04
1.264411027568922430e-01 6.933122741157456104e-05
1.269423558897243010e-01 2.372012691436422769e-05
1.274436090225563589e-01 7.340444408637537347e-06
1.279448621553884724e-01 2.054683463202894290e-06
1.284461152882205304e-01 5.202172191930553316e-07
1.289473684210526438e-01 1.191356522713169983e-07
1.294486215538847018e-01 2.467834303093769097e-08
1.299498746867167598e-01 4.623889771444282841e-09
1.304511278195488733e-01 7.836392390288912229e-10
1.309523809523809312e-01 1.201274068063470267e-10
1.314536340852130447e-01 1.665655778903715946e-11
1.319548872180451027e-01 2.089034612965241710e-12
1.324561403508771606e-01 2.369863006824684013e-13
1.329573934837092741e-01 2.431745235949956747e-14
1.334586466165413321e-01 2.256992582148902413e-15
1.339598997493734456e-01 1.894782721571479257e-16
1.344611528822055035e-01 1.438818210437218470e-17
1.349624060150375615e-01 9.882564601025641398e-19
1.354636591478696750e-01 6.139749099658772592e-20
1.359649122807017330e-01 3.450236079115889322e-21
1.364661654135338464e-01 1.753736037940519515e-22
1.369674185463659044e-01 8.063003842044802377e-24
1.374686716791979624e-01 3.353101755529997190e-25
1.379699248120300759e-01 1.261286726530956209e-26
1.384711779448621338e-01 4.291391569634610751e-28
1.389724310776942473e-01 1.320686346642916431e-29
1.394736842105263053e-01 3.676363608929925429e-31
1.399749373433583632e-01 9.256663042179521819e-33
1.404761904761904767e-01 2.108179944418464312e-34
1.409774436090225347e-01 4.342882966538989263e-36
1.414786967418546482e-01 8.092184957325552286e-38
1.419799498746867061e-01 1.363862854067684171e-39
1.424812030075188196e-01 2.079183537247596788e-41
1.429824561403508776e-01 2.867029624659399406e-43
1.434837092731829356e-01 3.575927945118703927e-45
1.439849624060150490e-01 4.034247735790760774e-47
1.444862155388471070e-01 4.116741473781328164e-49
1.449874686716792205e-01 3.799809738955394850e-51
1.454887218045112784e-01 3.172395567166622577e-53
1.459899749373433364e-01 2.395686818101368870e-55
1.464912280701754499e-01 1.636401911598917480e-57
1.469924812030075079e-01 1.011037208931337229e-59
1.474937343358396213e-01 5.650170145764632656e-62
1.479949874686716793e-01 2.856098223635320076e-64
1.484962406015037373e-01 1.305876113927643599e-66
1.489974937343358508e-01 5.400675000281323622e-69
1.494987468671679087e-01 2.020278929511230562e-71
1.499999999999999944e-01 6.835839409757714573e-74
