0.000000000000000000e+00 6.417230888959444580e-03
5.016722408026755980e-03 6.244070776005451739e-03
1.003344481605351196e-02 5.749617170412269634e-03
1.505016722408026794e-02 5.020005093873806425e-03
2.006688963210702392e-02 4.175752394976486870e-03
2.508361204013377990e-02 3.347196444435008092e-03
3.010033444816053588e-02 2.652275101327003157e-03
3.511705685618729533e-02 2.181741698369528068e-03
4.013377926421404784e-02 1.992536172332852896e-03
4.515050167224080035e-02 2.106479575434446697e-03
5.016722408026755980e-02 2.510506105878537730e-03
5.518394648829431925e-02 3.156470424316297138e-03
6.020066889632107177e-02 3.961742605395568613e-03
6.521739130434782428e-02 4.814147884378593319e-03
7.023411371237459067e-02 5.584604837200061837e-03
7.525083612040134318e-02 6.147798633343865525e-03
8.026755852842809569e-02 6.406832805152769435e-03
8.528428093645484820e-02 6.314473343674077178e-03
9.030100334448160071e-02 5.883418813934205259e-03
9.531772575250836710e-02 5.181467878066226863e-03
1.003344481605351196e-01 4.312994381005141181e-03
1.053511705685618721e-01 3.393103203304072973e-03
1.103678929765886385e-01 2.522917027622454626e-03
1.153846153846153910e-01 1.772943281488413656e-03
1.204013377926421435e-01 1.177530057537143869e-03
1.254180602006688960e-01 7.391527884025523090e-04
1.304347826086956486e-01 4.385122554257426825e-04
1.354515050167224011e-01 2.458764084528868715e-04
1.404682274247491813e-01 1.303032926511060014e-04
1.454849498327759338e-01 6.528349816141431911e-05
1.505016722408026864e-01 3.097218450314667552e-05
1.555183946488294389e-01 1.406622751688301445e-05
1.605351170568561914e-01 6.543618262123738684e-06
1.655518394648829439e-01 4.213793469079694920e-06
1.705685618729096964e-01 5.644418431496869693e-06
1.755852842809364489e-01 1.172465183659986189e-05
1.806020066889632014e-01 2.594113111474319233e-05
1.856187290969899817e-01 5.532036353563535703e-05
1.906354515050167342e-01 1.118292307149401567e-04
1.956521739130434867e-01 2.137484697079066983e-04
2.006688963210702392e-01 3.861572574439138799e-04
2.056856187290969917e-01 6.593476703948722255e-04
2.107023411371237442e-01 1.064020999216401834e-03
2.157190635451504968e-01 1.622821782414375028e-03
2.207357859531772770e-01 2.339248087397506268e-03
2.257525083612040295e-01 3.186886166774768360e-03
2.307692307692307820e-01 4.103378991739311740e-03
2.357859531772575346e-01 4.993459381364371077e-03
2.408026755852842871e-01 5.743097953999800991e-03
2.458193979933110396e-01 6.242747035112705158e-03
2.508361204013377921e-01 6.413425612846345228e-03
2.558528428093645446e-01 6.227148156361430806e-03
2.608695652173912971e-01 5.714433059942575742e-03
2.658862876254180496e-01 4.956121296285700799e-03
2.709030100334448021e-01 4.062520683314697380e-03
2.759197324414715546e-01 3.147272782525175738e-03
2.809364548494983627e-01 2.304409024257271423e-03
2.859531772575251152e-01 1.594692643131219922e-03
2.909698996655518677e-01 1.043072302235385947e-03
2.959866220735786202e-01 6.450646292041443963e-04
3.010033444816053727e-01 3.777151581464822765e-04
3.060200668896321252e-01 2.108193789703028949e-04
3.110367892976588777e-01 1.156191467035358266e-04
3.160535117056856302e-01 7.011730274516676516e-05
3.210702341137123828e-01 6.158931914823971923e-05
3.260869565217391353e-01 8.743881862402761351e-05
3.311036789297658878e-01 1.553170696792306239e-04
3.361204013377926403e-01 2.827169961638260919e-04
3.411371237458193928e-01 4.954436517954182361e-04
3.461538461538461453e-01 8.238464940690552393e-04
3.511705685618728978e-01 1.295836666798783369e-03
3.561872909698996503e-01 1.926726291204373899e-03
3.612040133779264028e-01 2.707691234800998006e-03
3.662207357859532109e-01 3.596537287802499625e-03
3.712374581939799634e-01 4.515389104003413381e-03
3.762541806020067159e-01 5.358928437430503060e-03
3.812709030100334684e-01 6.013644330437928169e-03
3.862876254180602209e-01 6.384202306687226242e-03
3.913043478260869734e-01 6.419461337984816787e-03
3.963210702341137259e-01 6.129838519475011051e-03
4.013377926421404784e-01 5.590394981024864041e-03
4.063545150501672309e-01 4.929103910530902195e-03
4.113712374581939835e-01 4.304839701733031467e-03
4.163879598662207360e-01 3.882328399157491342e-03
4.214046822742474885e-01 3.810671838239956897e-03
4.264214046822742410e-01 4.208987983198925892e-03
4.314381270903009935e-01 5.159188327078753286e-03
4.364548494983277460e-01 6.703744582745441508e-03
4.414715719063545540e-01 8.846171125812029093e-03
4.464882943143813065e-01 1.155337994670446733e-02
4.515050167224080591e-01 1.476097609009187003e-02
4.565217391304348116e-01 1.838389986353707387e-02
4.615384615384615641e-01 2.233477398208560949e-02
4.665551839464883166e-01 2.655029595603863521e-02
4.715719063545150691e-01 3.102191106940203197e-02
4.765886287625418216e-01 3.582178515818765924e-02
4.816053511705685741e-01 4.111129515089170100e-02
4.866220735785953266e-01 4.712033484573310838e-02
4.916387959866220791e-01 5.409411141272749829e-02
4.966555183946488317e-01 6.221871795282482576e-02
5.016722408026755842e-01 7.155199686828156436e-02
5.066889632107023367e-01 8.199365995602274360e-02
5.117056856187290892e-01 9.332147616596916939e-02
5.167224080267558417e-01 1.052980829776825472e-01
5.217391304347825942e-01 1.178235548958603829e-01
5.267558528428093467e-01 1.310859618651916136e-01
5.317725752508360992e-01 1.456583062451218824e-01
5.367892976588628517e-01 1.625091196791398629e-01
5.418060200668896043e-01 1.829268325687448404e-01
5.468227424749163568e-01 2.083872995965740105e-01
5.518394648829431093e-01 2.404035300305525924e-01
5.568561872909698618e-01 2.803828454584710306e-01
5.618729096989967253e-01 3.294913963659142908e-01
5.668896321070234778e-01 3.885101323529175366e-01
5.719063545150502303e-01 4.576755219889867554e-01
5.769230769230769829e-01 5.365307966283128227e-01
5.819397993311037354e-01 6.238491828497122471e-01
5.869565217391304879e-01 7.177026796294745381e-01
5.919732441471572404e-01 8.157216562558088357e-01
5.969899665551839929e-01 9.155263951085057528e-01
6.020066889632107454e-01 1.015236504453549848e+00
6.070234113712374979e-01 1.113911249112759405e+00
6.120401337792642504e-01 1.211769674820431186e+00
6.170568561872910029e-01 1.310091635146454214e+00
6.220735785953177555e-01 1.410795028063134948e+00
6.270903010033445080e-01 1.515789565810049311e+00
6.321070234113712605e-01 1.626287282166058779e+00
6.371237458193980130e-01 1.742277411230875650e+00
6.421404682274247655e-01 1.862338623032105733e+00
6.471571906354515180e-01 1.983873907362649458e+00
6.521739130434782705e-01 2.103734832699320823e+00
6.571906354515050230e-01 2.219081308940513253e+00
6.622073578595317755e-01 2.328232250010800808e+00
6.672240802675585281e-01 2.431233550734235305e+00
6.722408026755852806e-01 2.529925962967841446e+00
6.772575250836120331e-01 2.627436712012527043e+00
6.822742474916387856e-01 2.727209001606433869e+00
6.872909698996655381e-01 2.831854837235628697e+00
6.923076923076922906e-01 2.942195104714847353e+00
6.973244147157190431e-01 3.056795163480036770e+00
7.023411371237457956e-01 3.172131849090643385e+00
7.073578595317725481e-01 3.283310918572604820e+00
7.123745819397993007e-01 3.385083945125457738e+00
7.173913043478260532e-01 3.472854266964632064e+00
7.224080267558528057e-01 3.543419259902381935e+00
7.274247491638796692e-01 3.595324117117888463e+00
7.324414715719064217e-01 3.628833334721535575e+00
7.374581939799331742e-01 3.645611427190404541e+00
7.424749163879599267e-01 3.648233391882727439e+00
7.474916387959866793e-01 3.639637426431688638e+00
7.525083612040134318e-01 3.622612190690110090e+00
7.575250836120401843e-01 3.599389757118658828e+00
7.625418060200669368e-01 3.571390811461770731e+00
7.675585284280936893e-01 3.539137868593365877e+00
7.725752508361204418e-01 3.502322373296923086e+00
7.775919732441471943e-01 3.459995022267855713e+00
7.826086956521739468e-01 3.410849308457622797e+00
7.876254180602006993e-01 3.353574099218310955e+00
7.926421404682274519e-01 3.287243395823448378e+00
7.976588628762542044e-01 3.211683920865615605e+00
8.026755852842809569e-01 3.127730312532499113e+00
8.076923076923077094e-01 3.037273589057926326e+00
8.127090301003344619e-01 2.943051675082492213e+00
8.177257525083612144e-01 2.848212794052294772e+00
8.227424749163879669e-01 2.755766579579105979e+00
8.277591973244147194e-01 2.668079490760955519e+00
8.327759197324414719e-01 2.586546580840173526e+00
8.377926421404682245e-01 2.511493618339599276e+00
8.428093645484949770e-01 2.442274975405713366e+00
8.478260869565217295e-01 2.377480881815083880e+00
8.528428093645484820e-01 2.315175051730618438e+00
8.578595317725752345e-01 2.253134495786435210e+00
8.628762541806019870e-01 2.189114815834538152e+00
8.678929765886287395e-01 2.121175551796317560e+00
8.729096989966554920e-01 2.048059001670052393e+00
8.779264214046822445e-01 1.969546553292695457e+00
8.829431438127091081e-01 1.886664378293492650e+00
8.879598662207358606e-01 1.801614896340783423e+00
8.929765886287626131e-01 1.717382780700499989e+00
8.979933110367893656e-01 1.637080266684363350e+00
9.030100334448161181e-01 1.563207436455585686e+00
9.080267558528428706e-01 1.497057701885681658e+00
9.130434782608696231e-01 1.438466539875265182e+00
9.180602006688963757e-01 1.385988534881540168e+00
9.230769230769231282e-01 1.337436019583103208e+00
9.280936454849498807e-01 1.290583534707728131e+00
9.331103678929766332e-01 1.243789715708986776e+00
9.381270903010033857e-01 1.196333298147634228e+00
9.431438127090301382e-01 1.148381399095129929e+00
9.481605351170568907e-01 1.100652410539260551e+00
9.531772575250836432e-01 1.053942168463240625e+00
9.581939799331103957e-01 1.008710884434607324e+00
9.632107023411371483e-01 9.648771308818253623e-01
9.682274247491639008e-01 9.218657183209956196e-01
9.732441471571906533e-01 8.788556233110051963e-01
9.782608695652174058e-01 8.351109522881422498e-01
9.832775919732441583e-01 7.902676309481040384e-01
9.882943143812709108e-01 7.444828862006310777e-01
9.933110367892976633e-01 6.984126700895469941e-01
9.983277591973244158e-01 6.530422795942955050e-01
1.003344481605351168e+00 6.094410118579099978e-01
1.008361204013378032e+00 5.685313168694371422e-01
1.013377926421404673e+00 5.309500158258428915e-01
1.018394648829431537e+00 4.970356407579939462e-01
1.023411371237458178e+00 4.669167061235404148e-01
1.028428093645485042e+00 4.406271119854350826e-01
1.033444816053511683e+00 4.181634674504550730e-01
1.038461538461538547e+00 3.994354873477372614e-01
1.043478260869565188e+00 3.841293074166692856e-01
1.048494983277592052e+00 3.715681327229505282e-01
1.053511705685618693e+00 3.606769037091391850e-01
1.058528428093645557e+00 3.501203205608066638e-01
1.063545150501672198e+00 3.386019374247257185e-01
1.068561872909699062e+00 3.252271188841260874e-01
1.073578595317725703e+00 3.097889295808288201e-01
1.078595317725752567e+00 2.928570418455230251e-01
1.083612040133779209e+00 2.756256580807705525e-01
1.088628762541806072e+00 2.595704581507384257e-01
1.093645484949832714e+00 2.460335823298386293e-01
1.098662207357859577e+00 2.358723550384845546e-01
1.103678929765886219e+00 2.292715456738989299e-01
1.108695652173913082e+00 2.257527858002714993e-01
1.113712374581939724e+00 2.243485657157720248e-01
1.118729096989966587e+00 2.238652508874284797e-01
1.123745819397993451e+00 2.231486718610828923e-01
1.128762541806020092e+00 2.212829586235465218e-01
1.133779264214046956e+00 2.176871534279021803e-01
1.138795986622073597e+00 2.121116787745483123e-01
1.143812709030100461e+00 2.045662661611546973e-01
1.148829431438127102e+00 1.952243163203607468e-01
1.153846153846153966e+00 1.843435039440001200e-01
1.158862876254180607e+00 1.722234758892538520e-01
1.163879598662207471e+00 1.591987968455529368e-01
1.168896321070234112e+00 1.456493766914562227e-01
1.173913043478260976e+00 1.320070237899908794e-01
1.178929765886287617e+00 1.187439319011082822e-01
1.183946488294314481e+00 1.063404566624301939e-01
1.188963210702341122e+00 9.523900343350477637e-02
1.193979933110367986e+00 8.579511841105764980e-02
1.198996655518394627e+00 7.823645726018819968e-02
1.204013377926421491e+00 7.263732136536180106e-02
1.209030100334448132e+00 6.891266811333442155e-02
1.214046822742474996e+00 6.683181653948727652e-02
1.219063545150501637e+00 6.604904085170246186e-02
1.224080267558528501e+00 6.614641548781509395e-02
1.229096989966555142e+00 6.668377124684742030e-02
1.234113712374582006e+00 6.725067742109043512e-02
1.239130434782608647e+00 6.751473169254902651e-02
1.244147157190635511e+00 6.725867601728091616e-02
1.249163879598662152e+00 6.639734798869237342e-02
1.254180602006689016e+00 6.496693173276726907e-02
1.259197324414715657e+00 6.308534064628754101e-02
1.264214046822742521e+00 6.089283083815361791e-02
1.269230769230769162e+00 5.849168766204516229e-02
1.274247491638796026e+00 5.590732420533425784e-02
1.279264214046822667e+00 5.308689717958255810e-02
1.284280936454849531e+00 4.993701549467911838e-02
1.289297658862876395e+00 4.638552428046806980e-02
1.294314381270903036e+00 4.244164333379993326e-02
1.299331103678929900e+00 3.822927155365366675e-02
1.304347826086956541e+00 3.397979266638821716e-02
1.309364548494983405e+00 2.998752933248133648e-02
1.314381270903010046e+00 2.654510053947138626e-02
1.319397993311036910e+00 2.388135077357846775e-02
1.324414715719063551e+00 2.212012816093810244e-02
1.329431438127090415e+00 2.126766630304233532e-02
1.334448160535117056e+00 2.122543404614307336e-02
1.339464882943143920e+00 2.181857175402744306e-02
1.344481605351170561e+00 2.282880917412352315e-02
1.349498327759197425e+00 2.402365589669885892e-02
1.354515050167224066e+00 2.517820317529124302e-02
1.359531772575250930e+00 2.609004925504463182e-02
1.364548494983277571e+00 2.659049373985804265e-02
1.369565217391304435e+00 2.655562409945640134e-02
1.374581939799331076e+00 2.591903500915505865e-02
1.379598662207357940e+00 2.468427092375418547e-02
1.384615384615384581e+00 2.293139661501619048e-02
1.389632107023411445e+00 2.081076843152104144e-02
1.394648829431438086e+00 1.851977636169020724e-02
1.399665551839464950e+00 1.626464898295567826e-02
1.404682274247491591e+00 1.421663052957434191e-02
1.409698996655518455e+00 1.247616887169403395e-02
1.414715719063545096e+00 1.105746768361720068e-02
1.419732441471571960e+00 9.898848211856435195e-03
1.424749163879598601e+00 8.894742210934123219e-03
1.429765886287625465e+00 7.937186539686596348e-03
1.434782608695652106e+00 6.952011476234881519e-03
1.439799331103678970e+00 5.918470334605060133e-03
1.444816053511705611e+00 4.868765055835051585e-03
1.449832775919732475e+00 3.871888392795056009e-03
1.454849498327759338e+00 3.010845307287828270e-03
1.459866220735785980e+00 2.362135915914847020e-03
1.464882943143812843e+00 1.982449787682719240e-03
1.469899665551839485e+00 1.902558926033853489e-03
1.474916387959866348e+00 2.125150844380260286e-03
1.479933110367892990e+00 2.623197460743847444e-03
1.484949832775919853e+00 3.337924879771677743e-03
1.489966555183946495e+00 4.178640588772005934e-03
1.494983277591973359e+00 5.028374088247558084e-03
1.500000000000000000e+00 5.758146832546065519e-03
