-5.000000000000000278e-02 0.000000000000000000e+00
-4.949874686716792399e-02 0.000000000000000000e+00
-4.899749373433584521e-02 0.000000000000000000e+00
-4.849624060150375948e-02 0.000000000000000000e+00
-4.799498746867168070e-02 0.000000000000000000e+00
-4.749373433583960191e-02 0.000000000000000000e+00
-4.699248120300752313e-02 0.000000000000000000e+00
-4.649122807017544434e-02 0.000000000000000000e+00
-4.598997493734335862e-02 0.000000000000000000e+00
-4.548872180451127983e-02 0.000000000000000000e+00
-4.498746867167920105e-02 0.000000000000000000e+00
-4.448621553884712226e-02 0.000000000000000000e+00
-4.398496240601504348e-02 0.000000000000000000e+00
-4.348370927318295776e-02 0.000000000000000000e+00
-4.298245614035087897e-02 0.000000000000000000e+00
-4.248120300751880019e-02 0.000000000000000000e+00
-4.197994987468672140e-02 0.000000000000000000e+00
-4.147869674185464262e-02 0.000000000000000000e+00
-4.097744360902255689e-02 0.000000000000000000e+00
-4.047619047619047811e-02 0.000000000000000000e+00
-3.997493734335839932e-02 0.000000000000000000e+00
-3.947368421052632054e-02 0.000000000000000000e+00
-3.897243107769424175e-02 0.000000000000000000e+00
-3.847117794486215603e-02 0.000000000000000000e+00
-3.796992481203007724e-02 0.000000000000000000e+00
-3.746867167919799846e-02 0.000000000000000000e+00
-3.696741854636591967e-02 0.000000000000000000e+00
-3.646616541353384089e-02 0.000000000000000000e+00
-3.596491228070175517e-02 0.000000000000000000e+00
-3.546365914786967638e-02 0.000000000000000000e+00
-3.496240601503759760e-02 0.000000000000000000e+00
-3.446115288220551881e-02 0.000000000000000000e+00
-3.395989974937344003e-02 0.000000000000000000e+00
-3.345864661654135430e-02 0.000000000000000000e+00
-3.295739348370927552e-02 0.000000000000000000e+00
-3.245614035087719673e-02 0.000000000000000000e+00
-3.195488721804511101e-02 0.000000000000000000e+00
-3.145363408521303916e-02 0.000000000000000000e+00
-3.095238095238095691e-02 0.000000000000000000e+00
-3.045112781954887465e-02 0.000000000000000000e+00
-2.994987468671679587e-02 0.000000000000000000e+00
-2.944862155388471361e-02 0.000000000000000000e+00
-2.894736842105263483e-02 0.000000000000000000e+00
-2.844611528822055604e-02 0.000000000000000000e+00
-2.794486215538847379e-02 0.000000000000000000e+00
-2.744360902255639501e-02 0.000000000000000000e+00
-2.694235588972431275e-02 0.000000000000000000e+00
-2.644110275689223397e-02 0.000000000000000000e+00
-2.593984962406015171e-02 0.000000000000000000e+00
-2.543859649122807293e-02 0.000000000000000000e+00
-2.493734335839599414e-02 0.000000000000000000e+00
-2.443609022556391189e-02 0.000000000000000000e+00
-2.393483709273183310e-02 0.000000000000000000e+00
-2.343358395989975085e-02 0.000000000000000000e+00
-2.293233082706767206e-02 0.000000000000000000e+00
-2.243107769423559328e-02 0.000000000000000000e+00
-2.192982456140351102e-02 0.000000000000000000e+00
-2.142857142857143224e-02 0.000000000000000000e+00
-2.092731829573934998e-02 0.000000000000000000e+00
-2.042606516290727120e-02 0.000000000000000000e+00
-1.992481203007519241e-02 0.000000000000000000e+00
-1.942355889724311016e-02 0.000000000000000000e+00
-1.892230576441103138e-02 0.000000000000000000e+00
-1.842105263157894912e-02 0.000000000000000000e+00
-1.791979949874687034e-02 0.000000000000000000e+00
-1.741854636591479155e-02 0.000000000000000000e+00
-1.691729323308271277e-02 4.624544965513798921e-290
-1.641604010025062704e-02 4.312520424854093044e-219
-1.591478696741854826e-02 4.053207225616002151e-158
-1.541353383458646947e-02 3.839475814007244266e-107
-1.491228070175439069e-02 3.665646229048569692e-66
-1.441102756892231190e-02 3.527237040629899219e-35
-1.390977443609022618e-02 3.420772788588304596e-14
-1.340852130325814739e-02 3.343638336134405371e-03
-1.290726817042606861e-02 3.293971580199022559e-02
-1.240601503759398982e-02 5.424159669119459528e-08
-1.190476190476191104e-02 1.624532032863479358e-01
-1.140350877192982532e-02 1.664909206176896361e-01
-1.090225563909774653e-02 6.585178321928908098e-08
-1.040100250626566775e-02 4.109090877967594923e-04
-9.899749373433588961e-03 9.355202594039793706e-02
-9.398496240601510177e-03 1.853241001716596226e-01
-8.897243107769424453e-03 6.431558135462429604e-01
-8.395989974937345668e-03 5.905987632851940061e-01
-7.894736842105266883e-03 1.222164467632549822e+00
-7.393483709273188098e-03 1.501165597471641799e+00
-6.892230576441109313e-03 3.120859923001303216e+00
-6.390977443609023589e-03 3.832702728350933619e+00
-5.889724310776944805e-03 6.372871126505710748e+00
-5.388471177944866020e-03 9.048153420664430513e+00
-4.887218045112787235e-03 1.535484240579637216e+01
-4.385964912280708450e-03 2.383765213604441158e+01
-3.884711779448622726e-03 3.876026342966346760e+01
-3.383458646616543941e-03 6.695655526860423379e+01
-2.882205513784465156e-03 1.073780279187370184e+02
-2.380952380952386371e-03 1.704873419031239337e+02
-1.879699248120300648e-03 2.691063805720920641e+02
-1.378446115288221863e-03 3.969924536401783257e+02
-8.771929824561430777e-04 5.032562044305546465e+02
-3.759398496240642928e-04 2.798557776413776423e+02
1.253132832080144921e-04 1.965718627603226243e-01
6.265664160401002158e-04 5.619275378839903285e-13
1.127819548872179001e-03 9.904686690389880672e-35
1.629072681704257786e-03 5.392153240824324990e-66
2.130325814536336571e-03 2.369414557516514570e-35
2.631578947368415355e-03 2.677445566328967462e-14
3.132832080200501079e-03 3.049339171906418223e-03
3.634085213032579864e-03 3.500227721906828959e-02
4.135338345864658649e-03 6.013011279795729418e-11
4.636591478696737434e-03 2.840924357153368565e-02
5.137844611528816219e-03 2.203769742043519553e-02
5.639097744360901943e-03 1.551344242129112372e-01
6.140350877192980728e-03 8.062424759310508188e-05
6.641604010025059512e-03 4.436881819799258677e-18
7.142857142857138297e-03 3.042267705198484202e-07
7.644110275689217082e-03 1.939595186794349224e-01
8.145363408521302806e-03 1.330122494208237638e-01
8.646616541353381591e-03 1.398554818404838127e-08
9.147869674185460376e-03 1.494298421253464850e-11
9.649122807017539161e-03 2.620269052072026969e-02
1.015037593984961795e-02 1.661957631065550667e-01
1.065162907268170367e-02 1.543919089156195468e-02
1.115288220551378245e-02 2.691230789787133476e-12
1.165413533834586124e-02 2.005475315822059096e-03
1.215538847117794002e-02 1.965979353551411679e-01
1.265664160401001881e-02 1.012078440531547913e-01
1.315789473684210453e-02 1.354625471628899229e-02
1.365914786967417638e-02 5.370606543927612664e-02
1.416040100250626210e-02 8.333954457851532049e-02
1.466165413533834783e-02 1.406657807598497845e-01
1.516290726817041967e-02 1.904563399566327753e-01
1.566416040100250540e-02 6.915560025630317596e-03
1.616541353383457724e-02 1.610620160078894691e-01
1.666666666666666297e-02 1.380517799063216144e-01
1.716791979949874869e-02 2.357312937620414661e-01
1.766917293233082054e-02 3.040973632125624215e-01
1.817042606516290626e-02 5.110659165353097222e-02
1.867167919799497811e-02 2.860526662647039919e-01
1.917293233082706383e-02 8.297841088803839527e-02
1.967418546365914955e-02 4.281955232495785468e-01
2.017543859649122140e-02 4.176169375674138040e-01
2.067669172932330712e-02 5.617477711349518898e-01
2.117794486215537897e-02 3.072067622707914114e-01
2.167919799498746469e-02 4.006003513433905594e-01
2.218045112781955042e-02 3.391106551010678039e-01
2.268170426065162226e-02 4.515153241676978652e-02
2.318295739348370799e-02 7.659861349307480749e-01
2.368421052631577983e-02 1.402514906876132540e-02
2.418546365914786556e-02 4.598689506163138319e-01
2.468671679197995128e-02 9.222067524480358214e-02
2.518796992481202313e-02 5.036408353582754183e-01
2.568922305764410885e-02 3.298175789209263908e-01
2.619047619047618070e-02 3.601822301478850297e-01
2.669172932330826642e-02 6.204080352219069061e-01
2.719298245614035214e-02 7.908193154600055008e-01
2.769423558897242399e-02 2.123864804647317417e-01
2.819548872180450971e-02 1.006973921448507392e+00
2.869674185463658156e-02 4.062382104869997207e-02
2.919799498746866728e-02 3.470065765119653006e-02
2.969924812030075301e-02 2.295768293739441357e-01
3.020050125313282485e-02 1.265076213689004525e-01
3.070175438596491058e-02 8.114967297418805847e-01
3.120300751879698242e-02 8.316928362507203243e-02
3.170426065162906815e-02 1.213129626612865719e+00
3.220551378446115387e-02 9.210957560678448841e-01
3.270676691729322572e-02 8.477615270522420587e-01
3.320802005012531144e-02 2.434429818349360120e-01
3.370927318295738329e-02 1.062201635977170211e+00
3.421052631578946901e-02 4.963272462222808046e-01
3.471177944862155473e-02 2.184635096142561739e-01
3.521303258145362658e-02 1.281670538924725600e+00
3.571428571428571230e-02 9.035814413233263882e-04
3.621553884711778415e-02 5.215528559251582097e-01
3.671679197994986987e-02 2.161335044819634177e-01
3.721804511278195560e-02 3.456364278972652859e-01
3.771929824561402744e-02 1.025732435666010023e+00
3.822055137844611317e-02 5.204249521683541185e-02
3.872180451127818501e-02 5.821205230806691944e-01
3.922305764411027074e-02 5.237556493029267290e-01
3.972431077694235646e-02 3.799059450195108045e-01
4.022556390977442831e-02 9.070118575079089140e-01
4.072681704260651403e-02 3.933996681557465069e-01
4.122807017543858588e-02 6.404313307606843697e-01
4.172932330827067160e-02 4.501357026204320655e-01
4.223057644110275732e-02 5.235287613296101261e-01
4.273182957393482917e-02 1.077674093963089108e+00
4.323308270676691489e-02 4.240088767542832954e-02
4.373433583959898674e-02 4.117467321663034752e-01
4.423558897243107246e-02 8.432679000492948607e-01
4.473684210526315819e-02 8.775019297594230383e-02
4.523809523809523003e-02 4.286383484294800095e-01
4.573934837092731576e-02 2.066618042981235526e+00
4.624060150375940148e-02 1.005576972898508004e+00
4.674185463659147333e-02 1.165512921776602040e+00
4.724310776942355905e-02 4.787866463481734725e-01
4.774436090225563090e-02 1.383272662490560467e+00
4.824561403508771662e-02 1.698208430537656854e-01
4.874686716791980234e-02 9.154572977320739671e-03
4.924812030075187419e-02 8.019266015306383277e-01
4.974937343358395991e-02 1.002132209836946286e+00
5.025062656641603176e-02 7.047098669973331786e-01
5.075187969924811748e-02 9.818715661219985513e-01
5.125313283208020321e-02 1.153912180171793755e+00
5.175438596491227505e-02 1.806744732925924801e-01
5.225563909774436078e-02 5.340923188167643332e-01
5.275689223057643262e-02 1.213330849090407948e-01
5.325814536340851835e-02 5.698467386000242163e-01
5.375939849624060407e-02 7.467846609974025940e-01
5.426065162907267592e-02 7.642689348662400073e-02
5.476190476190476164e-02 7.619173370936898060e-01
5.526315789473683349e-02 3.461492353047021520e-01
5.576441102756891921e-02 9.763775145559094870e-01
5.626566416040100493e-02 5.351312605367311397e-03
5.676691729323307678e-02 1.013483386894006744e+00
5.726817042606516250e-02 6.828574457174744206e-01
5.776942355889723435e-02 6.501954564667872249e-01
5.827067669172932007e-02 2.684487965784477792e-01
5.877192982456140580e-02 4.284666324780403435e-01
5.927318295739347764e-02 1.577549020456172832e-02
5.977443609022556337e-02 1.328220558013927910e+00
6.027568922305763521e-02 2.000025725428915546e-01
6.077694235588972094e-02 1.198703667730910277e-01
6.127819548872180666e-02 1.160252428217517950e+00
6.177944862155387851e-02 1.541963476519177867e+00
6.228070175438596423e-02 2.534055734086909095e-01
6.278195488721803608e-02 5.496088972358252889e-01
6.328320802005012180e-02 2.210251669786221784e-01
6.378446115288220752e-02 1.560217570841441193e-01
6.428571428571427937e-02 1.585843665135165392e-01
6.478696741854636509e-02 5.416727239568053243e-01
6.528822055137843694e-02 9.328856418689793761e-01
6.578947368421052266e-02 5.512671785509430390e-05
6.629072681704260839e-02 1.521378035965215814e+00
6.679197994987468023e-02 8.991955242268460102e-01
6.729323308270676596e-02 5.538104089164711530e-01
6.779448621553883780e-02 4.308442379693520202e-02
6.829573934837092353e-02 6.252587083316883954e-01
6.879699248120300925e-02 3.364151980425731381e-01
6.929824561403508110e-02 2.050209586381601390e-01
6.979949874686716682e-02 1.444889582801160144e-01
7.030075187969923867e-02 6.108160832427276254e-01
7.080200501253132439e-02 6.487448641475026534e-01
7.130325814536341011e-02 9.780479408866448177e-01
7.180451127819548196e-02 2.390073678339452445e-01
7.230576441102756768e-02 2.307192136227923795e-01
7.280701754385963953e-02 5.415136550522812176e-01
7.330827067669172525e-02 6.387690190674272239e-01
7.380952380952381098e-02 3.644436530787732026e-02
7.431077694235588282e-02 4.988540735928381209e-01
7.481203007518796855e-02 9.619623537672780111e-01
7.531328320802004039e-02 3.525301661775471218e-01
7.581453634085212612e-02 2.560778991085349739e-03
7.631578947368421184e-02 1.059458640498851967e+00
7.681704260651629756e-02 1.258261965385107706e+00
7.731829573934835553e-02 5.421702954016310074e-05
7.781954887218044126e-02 4.305848570529518526e-01
7.832080200501252698e-02 1.315271221777097210e+00
7.882205513784461270e-02 2.590912811669469559e-02
7.932330827067669843e-02 4.651059251349407564e-01
7.982456140350875640e-02 2.819253631435488655e-02
8.032581453634084212e-02 5.266741086225036339e-01
8.082706766917292784e-02 4.868296887175291854e-01
8.132832080200501357e-02 8.656864674842567053e-01
8.182957393483709929e-02 2.798260669433548314e-04
8.233082706766915726e-02 1.295110815217018763e+00
8.283208020050124298e-02 3.244667967941884390e-01
8.333333333333332871e-02 2.148725544269108612e-01
8.383458646616541443e-02 5.114064376849781768e-01
8.433583959899750015e-02 7.368755664864268945e-04
8.483709273182955812e-02 3.218831575073614615e-01
8.533834586466164385e-02 1.197534978226281153e-02
8.583959899749372957e-02 2.406430949566971608e-02
8.634085213032581529e-02 2.087878063128316142e-01
8.684210526315790102e-02 3.265224385757746206e-01
8.734335839598995899e-02 4.666777285562576094e-01
8.784461152882204471e-02 4.104358285180814491e-05
8.834586466165413043e-02 1.362025048761679715e-18
8.884711779448621616e-02 6.050188900313792584e-05
8.934837092731830188e-02 1.613858539362085009e+00
8.984962406015035985e-02 1.569809752956629889e-01
9.035087719298244557e-02 7.260719937463642193e-01
9.085213032581453130e-02 3.578729892645972441e-03
9.135338345864661702e-02 8.329199258533520611e-01
9.185463659147870275e-02 1.224008111859962334e-05
9.235588972431076071e-02 6.513511610111022421e-02
9.285714285714284644e-02 1.775079625062214728e-02
9.335839598997493216e-02 5.427347359505330093e-01
9.385964912280701788e-02 2.082121013850457836e-01
9.436090225563910361e-02 5.835384672920534976e-01
9.486215538847116158e-02 1.227275184757028494e-02
9.536340852130324730e-02 2.626951846204211827e-04
9.586466165413533302e-02 2.819582894365938452e-01
9.636591478696741875e-02 5.553401514803716355e-01
9.686716791979950447e-02 2.194362046731514540e-03
9.736842105263156244e-02 3.845565321338004217e-01
9.786967418546364816e-02 3.759946864406949352e-03
9.837092731829573389e-02 3.594550086935128230e-01
9.887218045112781961e-02 1.286525487995389960e-01
9.937343358395990534e-02 4.970516896453043842e-01
9.987468671679196330e-02 2.128761249914872661e-04
1.003759398496240490e-01 1.047497254191048333e+00
1.008771929824561348e-01 3.390424774201223742e-06
1.013784461152882205e-01 3.597380215751989378e-12
1.018796992481203062e-01 1.688743069858972268e-02
1.023809523809523642e-01 7.432771001367288743e-02
1.028822055137844499e-01 4.608254832499544124e-02
1.033834586466165356e-01 1.814552921019248199e-02
1.038847117794486213e-01 6.296930093598677169e-01
1.043859649122807071e-01 2.937915734473613529e-05
1.048872180451127650e-01 9.122230452349595620e-01
1.053884711779448508e-01 2.210998617429654409e-02
1.058897243107769365e-01 8.232905582954081301e-12
1.063909774436090222e-01 2.975457165546446786e-05
1.068922305764411079e-01 5.923615993778758027e-01
1.073934837092731659e-01 6.144882182780875279e-01
1.078947368421052516e-01 8.220146872787965908e-02
1.083959899749373373e-01 1.099201878936832605e-09
1.088972431077694231e-01 1.754354804073706986e-08
1.093984962406015088e-01 3.603118122141146240e-01
1.098997493734335668e-01 2.897963595457971400e-02
1.104010025062656525e-01 6.178354881967531576e-01
1.109022556390977382e-01 1.676225982412159077e-08
1.114035087719298239e-01 5.179078650539500894e-02
1.119047619047619097e-01 1.263651376534489501e-01
1.124060150375939676e-01 4.173176012586820582e-01
1.129072681704260533e-01 3.831197490289824872e-06
1.134085213032581391e-01 3.208945495374974921e-02
1.139097744360902248e-01 5.456802363349823048e-01
1.144110275689223105e-01 7.194921807172213681e-05
1.149122807017543685e-01 9.622656784274499448e-19
1.154135338345864542e-01 3.421245477387102314e-18
1.159147869674185399e-01 1.886563300817881465e-04
1.164160401002506257e-01 1.257605591537998224e+00
1.169172932330827114e-01 2.230007564904411541e-06
1.174185463659147693e-01 3.005521750688604200e-09
1.179197994987468551e-01 1.666064779352903757e-01
1.184210526315789408e-01 9.421495446919306294e-02
1.189223057644110265e-01 2.884217039551403294e-01
1.194235588972431122e-01 1.776228653573722191e-03
1.199248120300751702e-01 7.793953277560864423e-01
1.204260651629072559e-01 6.021795154945677650e-07
1.209273182957393417e-01 3.493730533504783684e-12
1.214285714285714274e-01 2.673722369827643761e-02
1.219298245614035131e-01 2.062285075874643533e-02
1.224310776942355711e-01 2.665677627831137056e-02
1.229323308270676568e-01 9.256458623725120557e-03
1.234335839598997425e-01 4.265212291927200638e-01
1.239348370927318282e-01 1.652641286675005788e-02
1.244360902255639140e-01 1.390227311429747259e-01
1.249373433583959719e-01 3.405679707127607508e-02
1.254385964912280715e-01 5.950048085256858423e-12
1.259398496240601295e-01 1.167277592886274780e-21
1.264411027568922430e-01 1.553897241786122922e-06
1.269423558897243010e-01 2.084855345798552195e-01
1.274436090225563589e-01 9.110570698869885050e-04
1.279448621553884724e-01 2.044292596267262840e-01
1.284461152882205304e-01 1.384633868890316113e-08
1.289473684210526438e-01 1.331936351472263833e-25
1.294486215538847018e-01 1.346152044674324167e-52
1.299498746867167598e-01 1.376788327435590756e-89
1.304511278195488733e-01 8.156070878002495145e-72
1.309523809523809312e-01 2.778096560384783332e-39
1.314536340852130447e-01 1.072861622338346596e-16
1.319548872180451027e-01 6.619239966191128909e-04
1.324561403508771606e-01 8.605410636222250442e-01
1.329573934837092741e-01 1.721660588713679192e-07
1.334586466165413321e-01 1.178036552838636619e-01
1.339598997493734456e-01 2.008958036231649278e-04
1.344611528822055035e-01 2.709046631984101880e-03
1.349624060150375615e-01 1.057955488366401742e+00
1.354636591478696750e-01 4.103556548057385456e-05
1.359649122807017330e-01 2.979906303977652234e-04
1.364661654135338464e-01 1.044169635976580218e-01
1.369674185463659044e-01 2.311992004642888116e-06
1.374686716791979624e-01 2.088457404083281788e-01
1.379699248120300759e-01 1.904424018554342426e-06
1.384711779448621338e-01 6.088429369897987000e-16
1.389724310776942473e-01 6.815061675319604353e-04
1.394736842105263053e-01 7.688489791049099575e-02
1.399749373433583632e-01 7.055954257467375590e-02
1.404761904761904767e-01 4.869288075786352282e-02
1.409774436090225347e-01 3.386730753124264080e-12
1.414786967418546482e-01 2.956762154694687977e-07
1.419799498746867061e-01 1.934175181956832024e-01
1.424812030075188196e-01 5.009695320823189267e-05
1.429824561403508776e-01 4.626538615284614964e-01
1.434837092731829356e-01 1.637987487164629594e-02
1.439849624060150490e-01 6.561244273559884677e-13
1.444862155388471070e-01 4.317389676721765558e-33
1.449874686716792205e-01 1.355263952941752106e-43
1.454887218045112784e-01 2.188038506635158678e-19
1.459899749373433364e-01 3.560340373192449708e-05
1.464912280701754499e-01 5.838933945252072766e-01
1.469924812030075079e-01 9.651194990151284169e-07
1.474937343358396213e-01 1.626485139306225243e-04
1.479949874686716793e-01 1.699219934634256912e+00
1.484962406015037373e-01 7.347859603721974974e-06
1.489974937343358508e-01 1.145393511509944004e-09
1.494987468671679087e-01 1.438334963822268386e-01
1.499999999999999944e-01 2.879304406336654146e-02
