-5.000000000000000278e-02 6.310981076073087633e-82
-4.949874686716792399e-02 8.959822147010032132e-79
-4.899749373433584521e-02 1.098116119881774458e-75
-4.849624060150375948e-02 1.161832475079527445e-72
-4.799498746867168070e-02 1.061170389362315348e-69
-4.749373433583960191e-02 8.367064200486946662e-67
-4.699248120300752313e-02 5.695179890591610936e-64
-4.649122807017544434e-02 3.346479418775893716e-61
-4.598997493734335862e-02 1.697521318533686559e-58
-4.548872180451127983e-02 7.433420185839809286e-56
-4.498746867167920105e-02 2.810014073746209019e-53
-4.448621553884712226e-02 9.170112722507326913e-51
-4.398496240601504348e-02 2.583373618296862781e-48
-4.348370927318295776e-02 6.282697257453233683e-46
-4.298245614035087897e-02 1.319020096876720495e-43
-4.248120300751880019e-02 2.390578773690855207e-41
-4.197994987468672140e-02 3.740253794881403643e-39
-4.147869674185464262e-02 5.051791900699968470e-37
-4.097744360902255689e-02 5.890283516356048902e-35
-4.047619047619047811e-02 5.928888907047895670e-33
-3.997493734335839932e-02 5.151773884926694329e-31
-3.947368421052632054e-02 3.864440638930488280e-29
-3.897243107769424175e-02 2.502435282464010059e-27
-3.847117794486215603e-02 1.398896023192670200e-25
-3.796992481203007724e-02 6.750786656055056670e-24
-3.746867167919799846e-02 2.812352134839354286e-22
-3.696741854636591967e-02 1.011419631897701400e-20
-3.646616541353384089e-02 3.140070705665828849e-19
-3.596491228070175517e-02 8.415769697524148349e-18
-3.546365914786967638e-02 1.947128546884286287e-16
-3.496240601503759760e-02 3.889034292002829511e-15
-3.446115288220551881e-02 6.705563630892615699e-14
-3.395989974937344003e-02 9.981025616693630640e-13
-3.345864661654135430e-02 1.282511946687410107e-11
-3.295739348370927552e-02 1.422636789037377538e-10
-3.245614035087719673e-02 1.362300820949088912e-09
-3.195488721804511101e-02 1.126155517997160555e-08
-3.145363408521303916e-02 8.036558116334794333e-08
-3.095238095238095691e-02 4.950945958963967707e-07
-3.045112781954887465e-02 2.633011020454480807e-06
-2.994987468671679587e-02 1.208825524953771825e-05
-2.944862155388471361e-02 4.790945239506514650e-05
-2.894736842105263483e-02 1.639177632383974738e-04
-2.844611528822055604e-02 4.841499780421438712e-04
-2.794486215538847379e-02 1.234493497262836512e-03
-2.744360902255639501e-02 2.717512684624085340e-03
-2.694235588972431275e-02 5.165222331240758476e-03
-2.644110275689223397e-02 8.480824799386034452e-03
-2.593984962406015171e-02 1.204651765951485556e-02
-2.543859649122807293e-02 1.487525415209274560e-02
-2.493734335839599414e-02 1.622054726900036895e-02
-2.443609022556391189e-02 1.638352742883434840e-02
-2.393483709273183310e-02 1.722969908407101861e-02
-2.343358395989975085e-02 2.209489594579724242e-02
-2.293233082706767206e-02 3.512120158108192336e-02
-2.243107769423559328e-02 6.029391918842423592e-02
-2.192982456140351102e-02 1.005465873379858960e-01
-2.142857142857143224e-02 1.573618148905100711e-01
-2.092731829573934998e-02 2.311237706896177024e-01
-2.042606516290727120e-02 3.219588033546127992e-01
-1.992481203007519241e-02 4.304801023001031401e-01
-1.942355889724311016e-02 5.583580163613433012e-01
-1.892230576441103138e-02 7.095038963198081472e-01
-1.842105263157894912e-02 8.926034251721661761e-01
-1.791979949874687034e-02 1.124434550447196868e+00
-1.741854636591479155e-02 1.432163369277757337e+00
-1.691729323308271277e-02 1.852949304428546995e+00
-1.641604010025062704e-02 2.430344198660104649e+00
-1.591478696741854826e-02 3.207913923491834129e+00
-1.541353383458646947e-02 4.221342866210123113e+00
-1.491228070175439069e-02 5.492143639675540534e+00
-1.441102756892231190e-02 7.028053183368358603e+00
-1.390977443609022618e-02 8.833521047079923250e+00
-1.340852130325814739e-02 1.092669665896454667e+01
-1.290726817042606861e-02 1.335193449300917656e+01
-1.240601503759398982e-02 1.617717747851709120e+01
-1.190476190476191104e-02 1.947557204223132743e+01
-1.140350877192982532e-02 2.330179919324748639e+01
-1.090225563909774653e-02 2.767516780837336299e+01
-1.040100250626566775e-02 3.257371438498993399e+01
-9.899749373433588961e-03 3.793761131138212050e+01
-9.398496240601510177e-03 4.368149664179220082e+01
-8.897243107769424453e-03 4.971328843902854544e+01
-8.395989974937345668e-03 5.594274695002390274e+01
-7.894736842105266883e-03 6.225356555441155137e+01
-7.393483709273188098e-03 6.843721271184593036e+01
-6.892230576441109313e-03 7.413720595151622206e+01
-6.390977443609023589e-03 7.887049172533087926e+01
-5.889724310776944805e-03 8.213654493865817585e+01
-5.388471177944866020e-03 8.354245197078360263e+01
-4.887218045112787235e-03 8.285937657498858755e+01
-4.385964912280708450e-03 8.000230152461894306e+01
-3.884711779448622726e-03 7.500114496798570940e+01
-3.383458646616543941e-03 6.802209250806315310e+01
-2.882205513784465156e-03 5.942507128781221581e+01
-2.380952380952386371e-03 4.979295201869378218e+01
-1.879699248120300648e-03 3.988331984086371307e+01
-1.378446115288221863e-03 3.050491397970458962e+01
-8.771929824561430777e-04 2.236078772588154351e+01
-3.759398496240642928e-04 1.591193469192283949e+01
1.253132832080144921e-04 1.130689265844502600e+01
6.265664160401002158e-04 8.401146332627570601e+00
1.127819548872179001e-03 6.855425457105742915e+00
1.629072681704257786e-03 6.266500925376856657e+00
2.130325814536336571e-03 6.273150179775985436e+00
2.631578947368415355e-03 6.604638134774678981e+00
3.132832080200501079e-03 7.078678845267667441e+00
3.634085213032579864e-03 7.578507968868535727e+00
4.135338345864658649e-03 8.033265146799227097e+00
4.636591478696737434e-03 8.407211136228911030e+00
5.137844611528816219e-03 8.691473954057151730e+00
5.639097744360901943e-03 8.893402789906797778e+00
6.140350877192980728e-03 9.025612460902779688e+00
6.641604010025059512e-03 9.100013767876001580e+00
7.142857142857138297e-03 9.129153836411969536e+00
7.644110275689217082e-03 9.131654954645407329e+00
8.145363408521302806e-03 9.135258390822066588e+00
8.646616541353381591e-03 9.172810892860539411e+00
9.147869674185460376e-03 9.272249337238978484e+00
9.649122807017539161e-03 9.446199203676121314e+00
1.015037593984961795e-02 9.686407339381483794e+00
1.065162907268170367e-02 9.964668493555295825e+00
1.115288220551378245e-02 1.023935173684525779e+01
1.165413533834586124e-02 1.046588415209276235e+01
1.215538847117794002e-02 1.060876482215447680e+01
1.265664160401001881e-02 1.065169171504713219e+01
1.315789473684210453e-02 1.060235623836233998e+01
1.365914786967417638e-02 1.048932965123391270e+01
1.416040100250626210e-02 1.035024196812357467e+01
1.466165413533834783e-02 1.021447545894371522e+01
1.516290726817041967e-02 1.008886580694470148e+01
1.566416040100250540e-02 9.956025326308427736e+00
1.616541353383457724e-02 9.787873627189970449e+00
1.666666666666666297e-02 9.565825467287071504e+00
1.716791979949874869e-02 9.293526546663263943e+00
1.766917293233082054e-02 8.993813599578567519e+00
1.817042606516290626e-02 8.694244818102491834e+00
1.867167919799497811e-02 8.414054387218703468e+00
1.917293233082706383e-02 8.162356591738499034e+00
1.967418546365914955e-02 7.945916700892413864e+00
2.017543859649122140e-02 7.775390453737336394e+00
2.067669172932330712e-02 7.660662809299191522e+00
2.117794486215537897e-02 7.598142259840309443e+00
2.167919799498746469e-02 7.563763427270369988e+00
2.218045112781955042e-02 7.521951662415136575e+00
2.268170426065162226e-02 7.444306561159753421e+00
2.318295739348370799e-02 7.320318343927850968e+00
2.368421052631577983e-02 7.150928843103164567e+00
2.418546365914786556e-02 6.935855662475251648e+00
2.468671679197995128e-02 6.673133447025846543e+00
2.518796992481202313e-02 6.373574817982823326e+00
2.568922305764410885e-02 6.071735491130907825e+00
2.619047619047618070e-02 5.814755541315697052e+00
2.669172932330826642e-02 5.633627084605337565e+00
2.719298245614035214e-02 5.522596293386667021e+00
2.769423558897242399e-02 5.447168113805700429e+00
2.819548872180450971e-02 5.373798704180384078e+00
2.869674185463658156e-02 5.293342063123604113e+00
2.919799498746866728e-02 5.217729491599623515e+00
2.969924812030075301e-02 5.156946150886525970e+00
3.020050125313282485e-02 5.101675757894176044e+00
3.070175438596491058e-02 5.028014373694480454e+00
3.120300751879698242e-02 4.916734162013769449e+00
3.170426065162906815e-02 4.766988103680338540e+00
3.220551378446115387e-02 4.593425527635041306e+00
3.270676691729322572e-02 4.413127159133795274e+00
3.320802005012531144e-02 4.236172775756341657e+00
3.370927318295738329e-02 4.066520182919417081e+00
3.421052631578946901e-02 3.908319209602819200e+00
3.471177944862155473e-02 3.768738084190693449e+00
3.521303258145362658e-02 3.654054327657508150e+00
3.571428571428571230e-02 3.563490448568633617e+00
3.621553884711778415e-02 3.487120007579028513e+00
3.671679197994986987e-02 3.409876961171041554e+00
3.721804511278195560e-02 3.318710420872253319e+00
3.771929824561402744e-02 3.208226640358252446e+00
3.822055137844611317e-02 3.081623924510027202e+00
3.872180451127818501e-02 2.946788865028993509e+00
3.922305764411027074e-02 2.810706322772658083e+00
3.972431077694235646e-02 2.676654908274132438e+00
4.022556390977442831e-02 2.546127564275510569e+00
4.072681704260651403e-02 2.422810785898235508e+00
4.122807017543858588e-02 2.313952225745879776e+00
4.172932330827067160e-02 2.227081729684652789e+00
4.223057644110275732e-02 2.164464844580197500e+00
4.273182957393482917e-02 2.119973333624300071e+00
4.323308270676691489e-02 2.081710358029107866e+00
4.373433583959898674e-02 2.039410473952504965e+00
4.423558897243107246e-02 1.991211761839480010e+00
4.473684210526315819e-02 1.944146623768786775e+00
4.523809523809523003e-02 1.907839792764650877e+00
4.573934837092731576e-02 1.886731744375572450e+00
4.624060150375940148e-02 1.876824469406485951e+00
4.674185463659147333e-02 1.868333454918980951e+00
4.724310776942355905e-02 1.850919371280410841e+00
4.774436090225563090e-02 1.817525669515732245e+00
4.824561403508771662e-02 1.765472632564440980e+00
4.874686716791980234e-02 1.695875670877288854e+00
4.924812030075187419e-02 1.612749742987184876e+00
4.974937343358395991e-02 1.522107118799884695e+00
5.025062656641603176e-02 1.430634382152157436e+00
5.075187969924811748e-02 1.344021671687416042e+00
5.125313283208020321e-02 1.266068577764283720e+00
5.175438596491227505e-02 1.199572049083823977e+00
5.225563909774436078e-02 1.148047274967566089e+00
5.275689223057643262e-02 1.115700058746193157e+00
5.325814536340851835e-02 1.104476678082271679e+00
5.375939849624060407e-02 1.110454662938670012e+00
5.426065162907267592e-02 1.123093041915965706e+00
5.476190476190476164e-02 1.128343994954340568e+00
5.526315789473683349e-02 1.113704834501215490e+00
5.576441102756891921e-02 1.073009310528887816e+00
5.626566416040100493e-02 1.009615610454540402e+00
5.676691729323307678e-02 9.363714320969641625e-01
5.726817042606516250e-02 8.708681852612824015e-01
5.776942355889723435e-02 8.273195255750358523e-01
5.827067669172932007e-02 8.098371040138929722e-01
5.877192982456140580e-02 8.116433922037198379e-01
5.927318295739347764e-02 8.203826014274170353e-01
5.977443609022556337e-02 8.252212000552866522e-01
6.027568922305763521e-02 8.207640360955689163e-01
6.077694235588972094e-02 8.061262754468071501e-01
6.127819548872180666e-02 7.816803146085509191e-01
6.177944862155387851e-02 7.474261411180244119e-01
6.228070175438596423e-02 7.045106592082668318e-01
6.278195488721803608e-02 6.576149907758506163e-01
6.328320802005012180e-02 6.145766985083175316e-01
6.378446115288220752e-02 5.822576661005266496e-01
6.428571428571427937e-02 5.618564175525739834e-01
6.478696741854636509e-02 5.481620590552350736e-01
6.528822055137843694e-02 5.337726876354330630e-01
6.578947368421052266e-02 5.144507080690278178e-01
6.629072681704260839e-02 4.909205952446850096e-01
6.679197994987468023e-02 4.663655603460624688e-01
6.729323308270676596e-02 4.429146336476694201e-01
6.779448621553883780e-02 4.204045202007217763e-01
6.829573934837092353e-02 3.977749153201292631e-01
6.879699248120300925e-02 3.752477506998015411e-01
6.929824561403508110e-02 3.553628468124191420e-01
6.979949874686716682e-02 3.420130840284871798e-01
7.030075187969923867e-02 3.379368098238787477e-01
7.080200501253132439e-02 3.423213880861442626e-01
7.130325814536341011e-02 3.504798182352500402e-01
7.180451127819548196e-02 3.562553538025275968e-01
7.230576441102756768e-02 3.555647561716237526e-01
7.280701754385963953e-02 3.483356296009293973e-01
7.330827067669172525e-02 3.374526449418396301e-01
7.380952380952381098e-02 3.261078406227548854e-01
7.431077694235588282e-02 3.162193141676339359e-01
7.481203007518796855e-02 3.088707924037690788e-01
7.531328320802004039e-02 3.050923007676319965e-01
7.581453634085212612e-02 3.050354086021096478e-01
7.631578947368421184e-02 3.060946408497975946e-01
7.681704260651629756e-02 3.026595920547258678e-01
7.731829573934835553e-02 2.890688201105142685e-01
7.781954887218044126e-02 2.639409472906472098e-01
7.832080200501252698e-02 2.321602908669283816e-01
7.882205513784461270e-02 2.025537831683864864e-01
7.932330827067669843e-02 1.828854775414486822e-01
7.982456140350875640e-02 1.757625834651620200e-01
8.032581453634084212e-02 1.780074198337689151e-01
8.082706766917292784e-02 1.833915234004167283e-01
8.132832080200501357e-02 1.865027355477043569e-01
8.182957393483709929e-02 1.851420426984009548e-01
8.233082706766915726e-02 1.800322088030407164e-01
8.283208020050124298e-02 1.727325899621540428e-01
8.333333333333332871e-02 1.638726824885494704e-01
8.383458646616541443e-02 1.531566418228785531e-01
8.433583959899750015e-02 1.407377067653460545e-01
8.483709273182955812e-02 1.282711385536086102e-01
8.533834586466164385e-02 1.183568729151927706e-01
8.583959899749372957e-02 1.127013596091735181e-01
8.634085213032581529e-02 1.106234919572486458e-01
8.684210526315790102e-02 1.093115121116271377e-01
8.734335839598995899e-02 1.057067763371732222e-01
8.784461152882204471e-02 9.846237655797533683e-02
8.834586466165413043e-02 8.844586512729864236e-02
8.884711779448621616e-02 7.767043853816561760e-02
8.934837092731830188e-02 6.787391107892193354e-02
8.984962406015035985e-02 5.990922815595217665e-02
9.035087719298244557e-02 5.399354284991721847e-02
9.085213032581453130e-02 5.009840796155055898e-02
9.135338345864661702e-02 4.801898432858666549e-02
9.185463659147870275e-02 4.728851759948732303e-02
9.235588972431076071e-02 4.729996092333726282e-02
9.285714285714284644e-02 4.771823541921826894e-02
9.335839598997493216e-02 4.891634367645641274e-02
9.385964912280701788e-02 5.201024321711456011e-02
9.436090225563910361e-02 5.819957331416113905e-02
9.486215538847116158e-02 6.758823165619504136e-02
9.536340852130324730e-02 7.825115715075767198e-02
9.586466165413533302e-02 8.647605072694776462e-02
9.636591478696741875e-02 8.843863509254014377e-02
9.686716791979950447e-02 8.243003375812775479e-02
9.736842105263156244e-02 7.011048054631370541e-02
9.786967418546364816e-02 5.578229678821036014e-02
9.837092731829573389e-02 4.404269128638706871e-02
9.887218045112781961e-02 3.733476858911811275e-02
9.937343358395990534e-02 3.497189984342191638e-02
9.987468671679196330e-02 3.415626064608646983e-02
1.003759398496240490e-01 3.214794426558720969e-02
1.008771929824561348e-01 2.804497184922514694e-02
1.013784461152882205e-01 2.307974025576954580e-02
1.018796992481203062e-01 1.951577235954332634e-02
1.023809523809523642e-01 1.914599750845513704e-02
1.028822055137844499e-01 2.238364350571011782e-02
1.033834586466165356e-01 2.825248104675279204e-02
1.038847117794486213e-01 3.497254481952930677e-02
1.043859649122807071e-01 4.071655805155308117e-02
1.048872180451127650e-01 4.428956821748621098e-02
1.053884711779448508e-01 4.555462710460925213e-02
1.058897243107769365e-01 4.534304077504752728e-02
1.063909774436090222e-01 4.474606454678402984e-02
1.068922305764411079e-01 4.424234115330583084e-02
1.073934837092731659e-01 4.344614817538695190e-02
1.078947368421052516e-01 4.171800038810627442e-02
1.083959899749373373e-01 3.895409768003017109e-02
1.088972431077694231e-01 3.572457679160466471e-02
1.093984962406015088e-01 3.272716626896018943e-02
1.098997493734335668e-01 3.020298785008344519e-02
1.104010025062656525e-01 2.781236794710722354e-02
1.109022556390977382e-01 2.494312023490754746e-02
1.114035087719298239e-01 2.116761556711474826e-02
1.119047619047619097e-01 1.658129693595325818e-02
1.124060150375939676e-01 1.183784330581890212e-02
1.129072681704260533e-01 7.875969231277179725e-03
1.134085213032581391e-01 5.567419222955017830e-03
1.139097744360902248e-01 5.538240032599942540e-03
1.144110275689223105e-01 8.160065519468689618e-03
1.149122807017543685e-01 1.348996133497895426e-02
1.154135338345864542e-01 2.103561018702089502e-02
1.159147869674185399e-01 2.952353900356139565e-02
1.164160401002506257e-01 3.700673434900226405e-02
1.169172932330827114e-01 4.147563868326531455e-02
1.174185463659147693e-01 4.175736198478482986e-02
1.179197994987468551e-01 3.819125907969921074e-02
1.184210526315789408e-01 3.259511707284996201e-02
1.189223057644110265e-01 2.744091852177398330e-02
1.194235588972431122e-01 2.471691932979155903e-02
1.199248120300751702e-01 2.520452500934588710e-02
1.204260651629072559e-01 2.853727476790874490e-02
1.209273182957393417e-01 3.372280403382905273e-02
1.214285714285714274e-01 3.951408937659007387e-02
1.219298245614035131e-01 4.443888612373666364e-02
1.224310776942355711e-01 4.688149262561628478e-02
1.229323308270676568e-01 4.558403995166562805e-02
1.234335839598997425e-01 4.033836409917668231e-02
1.239348370927318282e-01 3.226707187446101188e-02
1.244360902255639140e-01 2.340064083071837289e-02
1.249373433583959719e-01 1.584157847234747910e-02
1.254385964912280715e-01 1.103584471235514314e-02
1.259398496240601295e-01 9.432984537818090570e-03
1.264411027568922430e-01 1.048911882748695783e-02
1.269423558897243010e-01 1.289301142199093808e-02
1.274436090225563589e-01 1.500929404819022032e-02
1.279448621553884724e-01 1.551290934831986261e-02
1.284461152882205304e-01 1.395177837833306081e-02
1.289473684210526438e-01 1.085629586542859876e-02
1.294486215538847018e-01 7.297137943722783494e-03
1.299498746867167598e-01 4.234934763464331779e-03
1.304511278195488733e-01 2.121822616386227420e-03
1.309523809523809312e-01 9.177491682674246637e-04
1.314536340852130447e-01 3.426786631178433654e-04
1.319548872180451027e-01 1.104579558761639507e-04
1.324561403508771606e-01 3.073643204471720054e-05
1.329573934837092741e-01 7.383398779566300206e-06
1.334586466165413321e-01 1.531110550812320889e-06
1.339598997493734456e-01 2.741372578177547712e-07
1.344611528822055035e-01 4.279479373841045184e-08
1.349624060150375615e-01 9.537700549529663890e-09
1.354636591478696750e-01 3.055694563875740478e-08
1.359649122807017330e-01 1.987173395978432698e-07
1.364661654135338464e-01 1.139139989459123973e-06
1.369674185463659044e-01 5.638999210784855669e-06
1.374686716791979624e-01 2.409768875819077362e-05
1.379699248120300759e-01 8.889864579622356005e-05
1.384711779448621338e-01 2.831139487684616201e-04
1.389724310776942473e-01 7.783478960920177337e-04
1.394736842105263053e-01 1.847279502432363574e-03
1.399749373433583632e-01 3.784755541788494600e-03
1.404761904761904767e-01 6.694057255854659293e-03
1.409774436090225347e-01 1.022085856726052434e-02
1.414786967418546482e-01 1.347198848171800994e-02
1.419799498746867061e-01 1.532930288012657530e-02
1.424812030075188196e-01 1.505773247380562049e-02
1.429824561403508776e-01 1.276862217253853932e-02
1.434837092731829356e-01 9.347234389775048446e-03
1.439849624060150490e-01 5.908032465497613239e-03
1.444862155388471070e-01 3.228608589031825484e-03
1.449874686716792205e-01 1.544056370107361889e-03
1.454887218045112784e-01 7.137820324531231331e-04
1.459899749373433364e-01 5.217437927668707809e-04
1.464912280701754499e-01 8.961654205072021751e-04
1.469924812030075079e-01 1.968286949021623086e-03
1.474937343358396213e-01 3.960690779645794322e-03
1.479949874686716793e-01 6.927869346998272691e-03
1.484962406015037373e-01 1.046912567097767893e-02
1.489974937343358508e-01 1.365855921548371314e-02
1.494987468671679087e-01 1.538331368956200387e-02
1.499999999999999944e-01 1.495690490899619085e-02
