-5.000000000000000278e-02 6.941741370482238264e-87
-4.949874686716792399e-02 1.088534704662986751e-83
-4.899749373433584521e-02 1.480839613565160366e-80
-4.849624060150375948e-02 1.747695120826463707e-77
-4.799498746867168070e-02 1.789432197642123836e-74
-4.749373433583960191e-02 1.589486218164317945e-71
-4.699248120300752313e-02 1.224870739507559411e-68
-4.649122807017544434e-02 8.188715158237935859e-66
-4.598997493734335862e-02 4.749340728837183039e-63
-4.548872180451127983e-02 2.389697955895102064e-60
-4.498746867167920105e-02 1.043145518745620971e-57
-4.448621553884712226e-02 3.950381922281590919e-55
-4.398496240601504348e-02 1.297853614962717485e-52
-4.348370927318295776e-02 3.699175596661598787e-50
-4.298245614035087897e-02 9.146965008856074272e-48
-4.248120300751880019e-02 1.962195212104427606e-45
-4.197994987468672140e-02 3.651748874761268937e-43
-4.147869674185464262e-02 5.895947131279611714e-41
-4.097744360902255689e-02 8.258494235976172469e-39
-4.047619047619047811e-02 1.003560565591916520e-36
-3.997493734335839932e-02 1.057992990150295266e-34
-3.947368421052632054e-02 9.676534490935295818e-33
-3.897243107769424175e-02 7.678149131124628228e-31
-3.847117794486215603e-02 5.285610826556558488e-29
-3.796992481203007724e-02 3.156739703462687528e-27
-3.746867167919799846e-02 1.635653154266330329e-25
-3.696741854636591967e-02 7.352881958641661399e-24
-3.646616541353384089e-02 2.867771387286723124e-22
-3.596491228070175517e-02 9.704220265852367546e-21
-3.546365914786967638e-02 2.849162444532820220e-19
-3.496240601503759760e-02 7.258200110067465262e-18
-3.446115288220551881e-02 1.604408919003586852e-16
-3.395989974937344003e-02 3.077519370310164012e-15
-3.345864661654135430e-02 5.122938501067839681e-14
-3.295739348370927552e-02 7.401392519886470905e-13
-3.245614035087719673e-02 9.281978969713164185e-12
-3.195488721804511101e-02 1.010590833149898135e-10
-3.145363408521303916e-02 9.554678656997696847e-10
-3.095238095238095691e-02 7.846790456874535209e-09
-3.045112781954887465e-02 5.599808287898491854e-08
-2.994987468671679587e-02 3.474420557464683613e-07
-2.944862155388471361e-02 1.875477282355238891e-06
-2.894736842105263483e-02 8.815416991825888283e-06
-2.844611528822055604e-02 3.612200802046969565e-05
-2.794486215538847379e-02 1.292237575110016855e-04
-2.744360902255639501e-02 4.043771746687614774e-04
-2.694235588972431275e-02 1.109643213971964063e-03
-2.644110275689223397e-02 2.678832568119927319e-03
-2.593984962406015171e-02 5.714410636963269952e-03
-2.543859649122807293e-02 1.083729336268781859e-02
-2.493734335839599414e-02 1.843811861341832989e-02
-2.443609022556391189e-02 2.853370755684965163e-02
-2.393483709273183310e-02 4.101097686775125040e-02
-2.343358395989975085e-02 5.632667444123183598e-02
-2.293233082706767206e-02 7.625141624407873187e-02
-2.243107769423559328e-02 1.039321502450032547e-01
-2.192982456140351102e-02 1.429583659544513274e-01
-2.142857142857143224e-02 1.961971713886833391e-01
-2.092731829573934998e-02 2.658078885947313119e-01
-2.042606516290727120e-02 3.548530603507812353e-01
-1.992481203007519241e-02 4.688446102133884130e-01
-1.942355889724311016e-02 6.149597998057325654e-01
-1.892230576441103138e-02 7.991807699791496633e-01
-1.842105263157894912e-02 1.024918828811872906e+00
-1.791979949874687034e-02 1.296253979818754898e+00
-1.741854636591479155e-02 1.624077491292732933e+00
-1.691729323308271277e-02 2.029612533041019518e+00
-1.641604010025062704e-02 2.542136886065018420e+00
-1.591478696741854826e-02 3.193684802731151517e+00
-1.541353383458646947e-02 4.015728482290208845e+00
-1.491228070175439069e-02 5.039358600275490652e+00
-1.441102756892231190e-02 6.297136217460697516e+00
-1.390977443609022618e-02 7.825925209243308700e+00
-1.340852130325814739e-02 9.671718216949169999e+00
-1.290726817042606861e-02 1.189431091913238525e+01
-1.240601503759398982e-02 1.456490542974810865e+01
-1.190476190476191104e-02 1.775216459099207356e+01
-1.140350877192982532e-02 2.150269165706595587e+01
-1.090225563909774653e-02 2.582914297832993356e+01
-1.040100250626566775e-02 3.071346230625809071e+01
-9.899749373433588961e-03 3.611896448144277372e+01
-9.398496240601510177e-03 4.199702342482125061e+01
-8.897243107769424453e-03 4.827814009033821918e+01
-8.395989974937345668e-03 5.484699523015986955e+01
-7.894736842105266883e-03 6.150950924283201005e+01
-7.393483709273188098e-03 6.796694176409660315e+01
-6.892230576441109313e-03 7.381753296119605068e+01
-6.390977443609023589e-03 7.860170240921495122e+01
-5.889724310776944805e-03 8.188528801000771296e+01
-5.388471177944866020e-03 8.334744440726083781e+01
-4.887218045112787235e-03 8.283033392849038989e+01
-4.385964912280708450e-03 8.032971549711777470e+01
-3.884711779448622726e-03 7.594402609479867294e+01
-3.383458646616543941e-03 6.982619290976910520e+01
-2.882205513784465156e-03 6.218084457513479180e+01
-2.380952380952386371e-03 5.331980822891886618e+01
-1.879699248120300648e-03 4.373980011335774520e+01
-1.378446115288221863e-03 3.414445401854469964e+01
-8.771929824561430777e-04 2.534342667994135212e+01
-3.759398496240642928e-04 1.804244314186151144e+01
1.253132832080144921e-04 1.263302630674562721e+01
6.265664160401002158e-04 9.107241050479972344e+00
1.127819548872179001e-03 7.137651793285667345e+00
1.629072681704257786e-03 6.254471786919475917e+00
2.130325814536336571e-03 6.013387015312813944e+00
2.631578947368415355e-03 6.089710343318811780e+00
3.132832080200501079e-03 6.296309632910794818e+00
3.634085213032579864e-03 6.553165502041057522e+00
4.135338345864658649e-03 6.837435918762865938e+00
4.636591478696737434e-03 7.138491533460094907e+00
5.137844611528816219e-03 7.437151023195254673e+00
5.639097744360901943e-03 7.712458921432746806e+00
6.140350877192980728e-03 7.958085699537627455e+00
6.641604010025059512e-03 8.185260629602824523e+00
7.142857142857138297e-03 8.407611088427879409e+00
7.644110275689217082e-03 8.624777203242720347e+00
8.145363408521302806e-03 8.822204415410510592e+00
8.646616541353381591e-03 8.986020414376488574e+00
9.147869674185460376e-03 9.117095653897266061e+00
9.649122807017539161e-03 9.231704286121358294e+00
1.015037593984961795e-02 9.350017811655183309e+00
1.065162907268170367e-02 9.482417291868667775e+00
1.115288220551378245e-02 9.622135775666771806e+00
1.165413533834586124e-02 9.746941163893389160e+00
1.215538847117794002e-02 9.828232744727760206e+00
1.265664160401001881e-02 9.843375029382976038e+00
1.315789473684210453e-02 9.785477044091955179e+00
1.365914786967417638e-02 9.665843953445655501e+00
1.416040100250626210e-02 9.509025365763005055e+00
1.466165413533834783e-02 9.345029837999380362e+00
1.516290726817041967e-02 9.202778928069470510e+00
1.566416040100250540e-02 9.104403160133070827e+00
1.616541353383457724e-02 9.058463391728890812e+00
1.666666666666666297e-02 9.054230687496806596e+00
1.716791979949874869e-02 9.062474004754612622e+00
1.766917293233082054e-02 9.044797266298994387e+00
1.817042606516290626e-02 8.967063608546029130e+00
1.867167919799497811e-02 8.810754885556765004e+00
1.917293233082706383e-02 8.579722749700513518e+00
1.967418546365914955e-02 8.301881494752336721e+00
2.017543859649122140e-02 8.023439652411793688e+00
2.067669172932330712e-02 7.793542333160093705e+00
2.117794486215537897e-02 7.644175285514392293e+00
2.167919799498746469e-02 7.577061037493378670e+00
2.218045112781955042e-02 7.566095534402006884e+00
2.268170426065162226e-02 7.572347007403616992e+00
2.318295739348370799e-02 7.560828927670802280e+00
2.368421052631577983e-02 7.510744256881856096e+00
2.418546365914786556e-02 7.417841844732145695e+00
2.468671679197995128e-02 7.290835608289711445e+00
2.518796992481202313e-02 7.143561500362183736e+00
2.568922305764410885e-02 6.985620223045965638e+00
2.619047619047618070e-02 6.816997498747467965e+00
2.669172932330826642e-02 6.631297146775701812e+00
2.719298245614035214e-02 6.425466372103999291e+00
2.769423558897242399e-02 6.207108389029471596e+00
2.819548872180450971e-02 5.991570071627710270e+00
2.869674185463658156e-02 5.790296163753419378e+00
2.919799498746866728e-02 5.600910729060421644e+00
2.969924812030075301e-02 5.408916273833408894e+00
3.020050125313282485e-02 5.200515463736574695e+00
3.070175438596491058e-02 4.975761918403828865e+00
3.120300751879698242e-02 4.751101342023950735e+00
3.170426065162906815e-02 4.549752413457376576e+00
3.220551378446115387e-02 4.387794177663195683e+00
3.270676691729322572e-02 4.265981565081611748e+00
3.320802005012531144e-02 4.172406597016651730e+00
3.370927318295738329e-02 4.093304321926733103e+00
3.421052631578946901e-02 4.023347087464203220e+00
3.471177944862155473e-02 3.967058796177935331e+00
3.521303258145362658e-02 3.930265539925302587e+00
3.571428571428571230e-02 3.909188846094189262e+00
3.621553884711778415e-02 3.886954786332238232e+00
3.671679197994986987e-02 3.840732229956963284e+00
3.721804511278195560e-02 3.753722580567449452e+00
3.771929824561402744e-02 3.623196939660898952e+00
3.822055137844611317e-02 3.460453411201726670e+00
3.872180451127818501e-02 3.284980474708960596e+00
3.922305764411027074e-02 3.117174042538760403e+00
3.972431077694235646e-02 2.972006677550570686e+00
4.022556390977442831e-02 2.854636552724418852e+00
4.072681704260651403e-02 2.759763308684065386e+00
4.122807017543858588e-02 2.676432441268542295e+00
4.172932330827067160e-02 2.596472155582923769e+00
4.223057644110275732e-02 2.520645058519318304e+00
4.273182957393482917e-02 2.456983950448034637e+00
4.323308270676691489e-02 2.411628465128562215e+00
4.373433583959898674e-02 2.379176868100160380e+00
4.423558897243107246e-02 2.341154324018350330e+00
4.473684210526315819e-02 2.275557230762358163e+00
4.523809523809523003e-02 2.171494106993472339e+00
4.573934837092731576e-02 2.038110014603994546e+00
4.624060150375940148e-02 1.900801414228558084e+00
4.674185463659147333e-02 1.787192740710008998e+00
4.724310776942355905e-02 1.712371400976589797e+00
4.774436090225563090e-02 1.672174124594073108e+00
4.824561403508771662e-02 1.647018115178395137e+00
4.874686716791980234e-02 1.612812973284217133e+00
4.924812030075187419e-02 1.553087416166964996e+00
4.974937343358395991e-02 1.466851176371568588e+00
5.025062656641603176e-02 1.368691020827536464e+00
5.075187969924811748e-02 1.281089852196723999e+00
5.125313283208020321e-02 1.222987263292225402e+00
5.175438596491227505e-02 1.200599224093734652e+00
5.225563909774436078e-02 1.204832627886036844e+00
5.275689223057643262e-02 1.215652624318705799e+00
5.325814536340851835e-02 1.210598533222532636e+00
5.375939849624060407e-02 1.173829820386784295e+00
5.426065162907267592e-02 1.102458730910619300e+00
5.476190476190476164e-02 1.007437172715087259e+00
5.526315789473683349e-02 9.081643548886708661e-01
5.576441102756891921e-02 8.239072866470048551e-01
5.626566416040100493e-02 7.676964364219740489e-01
5.676691729323307678e-02 7.456823901685385447e-01
5.726817042606516250e-02 7.591232363821625029e-01
5.776942355889723435e-02 8.040885760078085864e-01
5.827067669172932007e-02 8.684427099075291423e-01
5.877192982456140580e-02 9.311919107578495725e-01
5.927318295739347764e-02 9.686248553252410076e-01
5.977443609022556337e-02 9.650024932541229061e-01
6.027568922305763521e-02 9.202249061451480694e-01
6.077694235588972094e-02 8.486411361598714675e-01
6.127819548872180666e-02 7.700089146719530930e-01
6.177944862155387851e-02 6.991086355193111279e-01
6.228070175438596423e-02 6.405830374188182796e-01
6.278195488721803608e-02 5.911191889749692896e-01
6.328320802005012180e-02 5.458979483682113720e-01
6.378446115288220752e-02 5.038905550751544560e-01
6.428571428571427937e-02 4.684078448295482255e-01
6.478696741854636509e-02 4.435721016699770702e-01
6.528822055137843694e-02 4.304640148489280449e-01
6.578947368421052266e-02 4.261870038477276745e-01
6.629072681704260839e-02 4.260333694592722265e-01
6.679197994987468023e-02 4.264567466222953795e-01
6.729323308270676596e-02 4.264988118301853981e-01
6.779448621553883780e-02 4.269979251402528098e-01
6.829573934837092353e-02 4.286341060476649423e-01
6.879699248120300925e-02 4.305204365865822891e-01
6.929824561403508110e-02 4.303966828697211033e-01
6.979949874686716682e-02 4.260868157502440967e-01
7.030075187969923867e-02 4.168872628123337365e-01
7.080200501253132439e-02 4.037694343353174786e-01
7.130325814536341011e-02 3.883598978426433534e-01
7.180451127819548196e-02 3.715247067363688926e-01
7.230576441102756768e-02 3.524815379526527459e-01
7.280701754385963953e-02 3.290393346906304584e-01
7.330827067669172525e-02 2.991218310915425560e-01
7.380952380952381098e-02 2.629492620681733728e-01
7.431077694235588282e-02 2.243495418265484820e-01
7.481203007518796855e-02 1.897946632864947469e-01
7.531328320802004039e-02 1.654462748881542489e-01
7.581453634085212612e-02 1.542851035846719288e-01
7.631578947368421184e-02 1.553129103446306281e-01
7.681704260651629756e-02 1.649375919271175717e-01
7.731829573934835553e-02 1.790157128668229403e-01
7.781954887218044126e-02 1.940607578636689146e-01
7.832080200501252698e-02 2.073136921249393583e-01
7.882205513784461270e-02 2.163969116736771947e-01
7.932330827067669843e-02 2.194376032363823670e-01
7.982456140350875640e-02 2.159299969372590333e-01
8.032581453634084212e-02 2.076973377140977628e-01
8.082706766917292784e-02 1.988612184965752872e-01
8.132832080200501357e-02 1.942985100687079913e-01
8.182957393483709929e-02 1.973088000089540384e-01
8.233082706766915726e-02 2.079457114151400388e-01
8.283208020050124298e-02 2.229716223471635006e-01
8.333333333333332871e-02 2.372899611029404554e-01
8.383458646616541443e-02 2.460379086309691932e-01
8.433583959899750015e-02 2.464616658901919999e-01
8.483709273182955812e-02 2.388158622885138971e-01
8.533834586466164385e-02 2.258671834237956366e-01
8.583959899749372957e-02 2.114121345519690831e-01
8.634085213032581529e-02 1.989637495777008547e-01
8.684210526315790102e-02 1.913838366128468860e-01
8.734335839598995899e-02 1.909077391051905992e-01
8.784461152882204471e-02 1.983679190461280217e-01
8.834586466165413043e-02 2.115818397629999903e-01
8.884711779448621616e-02 2.246693890033866770e-01
8.934837092731830188e-02 2.301191582737341645e-01
8.984962406015035985e-02 2.230575557356057892e-01
9.035087719298244557e-02 2.046578246738942064e-01
9.085213032581453130e-02 1.817801007509130540e-01
9.135338345864661702e-02 1.628472705968239675e-01
9.185463659147870275e-02 1.528926563461654176e-01
9.235588972431076071e-02 1.511361541341307846e-01
9.285714285714284644e-02 1.523609306743907710e-01
9.335839598997493216e-02 1.507000003227893514e-01
9.385964912280701788e-02 1.430923436302338758e-01
9.436090225563910361e-02 1.303135501569984700e-01
9.486215538847116158e-02 1.154632340527035617e-01
9.536340852130324730e-02 1.015749470805423077e-01
9.586466165413533302e-02 9.026487915672461171e-02
9.636591478696741875e-02 8.201235644168647365e-02
9.686716791979950447e-02 7.710241681988821982e-02
9.736842105263156244e-02 7.590826942639178343e-02
9.786967418546364816e-02 7.821215753684111760e-02
9.837092731829573389e-02 8.246953259587944118e-02
9.887218045112781961e-02 8.607303176508820930e-02
9.937343358395990534e-02 8.667897558985697415e-02
9.987468671679196330e-02 8.354467798492130892e-02
1.003759398496240490e-01 7.771075193199954156e-02
1.008771929824561348e-01 7.091502351856085462e-02
1.013784461152882205e-01 6.432184695146929421e-02
1.018796992481203062e-01 5.823839982255937797e-02
1.023809523809523642e-01 5.285712864165114516e-02
1.028822055137844499e-01 4.894458503385194781e-02
1.033834586466165356e-01 4.750353450849359449e-02
1.038847117794486213e-01 4.863164785277267199e-02
1.043859649122807071e-01 5.080552351201732264e-02
1.048872180451127650e-01 5.154636943685136918e-02
1.053884711779448508e-01 4.907331027193185397e-02
1.058897243107769365e-01 4.348940857189643322e-02
1.063909774436090222e-01 3.644636686445190676e-02
1.068922305764411079e-01 2.971503471400664328e-02
1.073934837092731659e-01 2.405262795406278367e-02
1.078947368421052516e-01 1.924559754471723283e-02
1.083959899749373373e-01 1.496249465141633733e-02
1.088972431077694231e-01 1.145807415467232221e-02
1.093984962406015088e-01 9.604818866234911268e-03
1.098997493734335668e-01 1.041762499583243073e-02
1.104010025062656525e-01 1.445919305474043480e-02
1.109022556390977382e-01 2.136506048463722787e-02
1.114035087719298239e-01 2.965606588733171040e-02
1.119047619047619097e-01 3.705138371243733159e-02
1.124060150375939676e-01 4.133591536244818343e-02
1.129072681704260533e-01 4.142048514141253440e-02
1.134085213032581391e-01 3.796198724973978700e-02
1.139097744360902248e-01 3.310927787278815371e-02
1.144110275689223105e-01 2.945551506638519057e-02
1.149122807017543685e-01 2.873105232583439764e-02
1.154135338345864542e-01 3.094477015025395156e-02
1.159147869674185399e-01 3.449241495460081408e-02
1.164160401002506257e-01 3.718109319983534805e-02
1.169172932330827114e-01 3.746354371312381193e-02
1.174185463659147693e-01 3.503935882670975582e-02
1.179197994987468551e-01 3.059792081663331720e-02
1.184210526315789408e-01 2.522503497075325937e-02
1.189223057644110265e-01 2.006514382652596282e-02
1.194235588972431122e-01 1.627425640455011993e-02
1.199248120300751702e-01 1.488906811954580217e-02
1.204260651629072559e-01 1.641012475558217484e-02
1.209273182957393417e-01 2.033365577151509396e-02
1.214285714285714274e-01 2.506993817318082032e-02
1.219298245614035131e-01 2.849105142955650483e-02
1.224310776942355711e-01 2.890668465721907276e-02
1.229323308270676568e-01 2.589132562970835119e-02
1.234335839598997425e-01 2.041908628312868318e-02
1.239348370927318282e-01 1.425196995414569449e-02
1.244360902255639140e-01 9.065167835726079329e-03
1.249373433583959719e-01 5.884661279597935314e-03
1.254385964912280715e-01 5.021040812282696886e-03
1.259398496240601295e-01 6.251222611337325236e-03
1.264411027568922430e-01 8.939982339599219369e-03
1.269423558897243010e-01 1.207855716251751178e-02
1.274436090225563589e-01 1.446657745489269946e-02
1.279448621553884724e-01 1.516706723158043647e-02
1.284461152882205304e-01 1.402458101341946123e-02
1.289473684210526438e-01 1.186199609643770990e-02
1.294486215538847018e-01 1.018387010008132802e-02
1.299498746867167598e-01 1.056299247420218641e-02
1.304511278195488733e-01 1.399975128026592804e-02
1.309523809523809312e-01 2.043457769277513131e-02
1.314536340852130447e-01 2.855287868220760666e-02
1.319548872180451027e-01 3.607936219995821342e-02
1.324561403508771606e-01 4.061840025856244818e-02
1.329573934837092741e-01 4.068973225229489260e-02
1.334586466165413321e-01 3.634684745927033861e-02
1.339598997493734456e-01 2.901225959466039589e-02
1.344611528822055035e-01 2.070981161411969071e-02
1.349624060150375615e-01 1.320851979282654590e-02
1.354636591478696750e-01 7.508246841179191944e-03
1.359649122807017330e-01 3.790417678629694892e-03
1.364661654135338464e-01 1.692617753081991075e-03
1.369674185463659044e-01 6.659552024977639754e-04
1.374686716791979624e-01 2.300480571442166356e-04
1.379699248120300759e-01 6.956704367016914496e-05
1.384711779448621338e-01 1.837315164484275209e-05
1.389724310776942473e-01 4.230357402201800130e-06
1.394736842105263053e-01 8.480024143221020048e-07
1.399749373433583632e-01 1.478465987519263786e-07
1.404761904761904767e-01 2.240294621091285640e-08
1.409774436090225347e-01 2.948842368967252943e-09
1.414786967418546482e-01 3.370450902933414431e-10
1.419799498746867061e-01 3.344248197846708737e-11
1.424812030075188196e-01 2.880053730784586066e-12
1.429824561403508776e-01 2.152463407960455416e-13
1.434837092731829356e-01 1.395926767310903706e-14
1.439849624060150490e-01 7.855102479743864092e-16
1.444862155388471070e-01 3.835153221391957882e-17
1.449874686716792205e-01 1.624578080764246580e-18
1.454887218045112784e-01 5.970560815129844482e-20
1.459899749373433364e-01 1.903702282913102399e-21
1.464912280701754499e-01 5.266076319713544503e-23
1.469924812030075079e-01 1.263792702206489200e-24
1.474937343358396213e-01 2.631252621287014324e-26
1.479949874686716793e-01 4.752755187146435290e-28
1.484962406015037373e-01 7.447718615662377580e-30
1.489974937343358508e-01 1.012500134891008918e-31
1.494987468671679087e-01 1.194153886097503902e-33
1.499999999999999944e-01 1.221851510222775896e-35
