-5.000000000000000278e-02 6.214096359054250304e-82
-4.949874686716792399e-02 9.380698464337634804e-79
-4.899749373433584521e-02 1.219415615776932132e-75
-4.849624060150375948e-02 1.364984475068722147e-72
-4.799498746867168070e-02 1.315718723103707647e-69
-4.749373433583960191e-02 1.092088367842098994e-66
-4.699248120300752313e-02 7.805700635726577821e-64
-4.649122807017544434e-02 4.804247629193096177e-61
-4.598997493734335862e-02 2.546233696409430200e-58
-4.548872180451127983e-02 1.162065268680702183e-55
-4.498746867167920105e-02 4.566906970275068166e-53
-4.448621553884712226e-02 1.545514884271831025e-50
-4.398496240601504348e-02 4.503846727047143765e-48
-4.348370927318295776e-02 1.130195037961333484e-45
-4.298245614035087897e-02 2.442207572457914817e-43
-4.248120300751880019e-02 4.544343318064537607e-41
-4.197994987468672140e-02 7.281470231518091109e-39
-4.147869674185464262e-02 1.004676874629598737e-36
-4.097744360902255689e-02 1.193694291249111265e-34
-4.047619047619047811e-02 1.221291153588955298e-32
-3.997493734335839932e-02 1.075981214668780792e-30
-3.947368421052632054e-02 8.162995374384607627e-29
-3.897243107769424175e-02 5.332781566177182358e-27
-3.847117794486215603e-02 2.999973532984000603e-25
-3.796992481203007724e-02 1.453250345075993918e-23
-3.746867167919799846e-02 6.062096280579553176e-22
-3.696741854636591967e-02 2.177532311864179722e-20
-3.646616541353384089e-02 6.735436870137325124e-19
-3.596491228070175517e-02 1.794016013184285056e-17
-3.546365914786967638e-02 4.114776433791982615e-16
-3.496240601503759760e-02 8.126911978622445130e-15
-3.446115288220551881e-02 1.382178876933602163e-13
-3.395989974937344003e-02 2.024241530193442104e-12
-3.345864661654135430e-02 2.552817649599192419e-11
-3.295739348370927552e-02 2.772277125032638767e-10
-3.245614035087719673e-02 2.592464846019200597e-09
-3.195488721804511101e-02 2.087605844495495999e-08
-3.145363408521303916e-02 1.447583233491869092e-07
-3.095238095238095691e-02 8.643667474624720571e-07
-3.045112781954887465e-02 4.444390198837217085e-06
-2.994987468671679587e-02 1.967824614862997569e-05
-2.944862155388471361e-02 7.502776171921238919e-05
-2.894736842105263483e-02 2.463331236105889424e-04
-2.844611528822055604e-02 6.964661494354444562e-04
-2.794486215538847379e-02 1.695845148354801612e-03
-2.744360902255639501e-02 3.556943851085542663e-03
-2.694235588972431275e-02 6.430639909082553306e-03
-2.644110275689223397e-02 1.004037919897791259e-02
-2.593984962406015171e-02 1.361508440141880917e-02
-2.543859649122807293e-02 1.629959711311006892e-02
-2.493734335839599414e-02 1.800589097306758840e-02
-2.443609022556391189e-02 2.021545309126383111e-02
-2.393483709273183310e-02 2.610087798752427218e-02
-2.343358395989975085e-02 3.969751499315341686e-02
-2.293233082706767206e-02 6.445055845707019226e-02
-2.243107769423559328e-02 1.018715074919261110e-01
-2.192982456140351102e-02 1.510298019565293748e-01
-2.142857142857143224e-02 2.092227985156558390e-01
-2.092731829573934998e-02 2.737070003870247237e-01
-2.042606516290727120e-02 3.440691641670999279e-01
-1.992481203007519241e-02 4.244750580707750687e-01
-1.942355889724311016e-02 5.245980643914222030e-01
-1.892230576441103138e-02 6.583546416913741428e-01
-1.842105263157894912e-02 8.413051304297743949e-01
-1.791979949874687034e-02 1.089199208581037803e+00
-1.741854636591479155e-02 1.419141144261062415e+00
-1.691729323308271277e-02 1.851648350042843338e+00
-1.641604010025062704e-02 2.410493157329286262e+00
-1.591478696741854826e-02 3.119997844399950981e+00
-1.541353383458646947e-02 4.002921906933020857e+00
-1.491228070175439069e-02 5.081421952713340850e+00
-1.441102756892231190e-02 6.380047537093870069e+00
-1.390977443609022618e-02 7.928657631837233488e+00
-1.340852130325814739e-02 9.764945712596162508e+00
-1.290726817042606861e-02 1.193626297361809208e+01
-1.240601503759398982e-02 1.449781068088185521e+01
-1.190476190476191104e-02 1.750436240260824405e+01
-1.140350877192982532e-02 2.099819242976417044e+01
-1.090225563909774653e-02 2.500113580770054256e+01
-1.040100250626566775e-02 2.951628165040592933e+01
-9.899749373433588961e-03 3.453583626257194794e+01
-9.398496240601510177e-03 4.004456952549575988e+01
-8.897243107769424453e-03 4.600831930906871037e+01
-8.395989974937345668e-03 5.234443744573266599e+01
-7.894736842105266883e-03 5.888522458949349669e+01
-7.393483709273188098e-03 6.535957607080806042e+01
-6.892230576441109313e-03 7.141551350749892890e+01
-6.390977443609023589e-03 7.667914318281233932e+01
-5.889724310776944805e-03 8.081358645643983607e+01
-5.388471177944866020e-03 8.353642477675217037e+01
-4.887218045112787235e-03 8.458732349655471694e+01
-4.385964912280708450e-03 8.368623120816799599e+01
-3.884711779448622726e-03 8.054578033572047957e+01
-3.383458646616543941e-03 7.497245353584835925e+01
-2.882205513784465156e-03 6.702569942700571914e+01
-2.380952380952386371e-03 5.715084023957354731e+01
-1.879699248120300648e-03 4.619680391179789325e+01
-1.378446115288221863e-03 3.527449887846448462e+01
-8.771929824561430777e-04 2.548658439153243549e+01
-3.759398496240642928e-04 1.763418185158135287e+01
1.253132832080144921e-04 1.203468753097840072e+01
6.265664160401002158e-04 8.531709702618224256e+00
1.127819548872179001e-03 6.668226018562836366e+00
1.629072681704257786e-03 5.909108970261831573e+00
2.130325814536336571e-03 5.801390111517070736e+00
2.631578947368415355e-03 6.031862108323501559e+00
3.132832080200501079e-03 6.411085857036812108e+00
3.634085213032579864e-03 6.833101495925649083e+00
4.135338345864658649e-03 7.240982240061891062e+00
4.636591478696737434e-03 7.605217558107803200e+00
5.137844611528816219e-03 7.912533975214297577e+00
5.639097744360901943e-03 8.161761159704690627e+00
6.140350877192980728e-03 8.362860864671073813e+00
6.641604010025059512e-03 8.535147412078472939e+00
7.142857142857138297e-03 8.702318663317999636e+00
7.644110275689217082e-03 8.884012875191666936e+00
8.145363408521302806e-03 9.086136031614556074e+00
8.646616541353381591e-03 9.295464710862720636e+00
9.147869674185460376e-03 9.484126824802961764e+00
9.649122807017539161e-03 9.622844771445464573e+00
1.015037593984961795e-02 9.694211088731870873e+00
1.065162907268170367e-02 9.698626229362179885e+00
1.115288220551378245e-02 9.653411780590699820e+00
1.165413533834586124e-02 9.587883022960159707e+00
1.215538847117794002e-02 9.533026887373793556e+00
1.265664160401001881e-02 9.506150652454152805e+00
1.315789473684210453e-02 9.500404665157523354e+00
1.365914786967417638e-02 9.491203533953239457e+00
1.416040100250626210e-02 9.457626103611502799e+00
1.466165413533834783e-02 9.400707753903036590e+00
1.516290726817041967e-02 9.341695770575244140e+00
1.566416040100250540e-02 9.302205860729275244e+00
1.616541353383457724e-02 9.285100641621406581e+00
1.666666666666666297e-02 9.272441003555059069e+00
1.716791979949874869e-02 9.239099812010289625e+00
1.766917293233082054e-02 9.167205417425098091e+00
1.817042606516290626e-02 9.049907202990977950e+00
1.867167919799497811e-02 8.886451263480681817e+00
1.917293233082706383e-02 8.678977024461723033e+00
1.967418546365914955e-02 8.437007902679210858e+00
2.017543859649122140e-02 8.183949567991767537e+00
2.067669172932330712e-02 7.954467098740869879e+00
2.117794486215537897e-02 7.780076824886659637e+00
2.167919799498746469e-02 7.673805760527386610e+00
2.218045112781955042e-02 7.626459005363298793e+00
2.268170426065162226e-02 7.614475068570678573e+00
2.318295739348370799e-02 7.609273442994245684e+00
2.368421052631577983e-02 7.582640827171633013e+00
2.418546365914786556e-02 7.512153686760044025e+00
2.468671679197995128e-02 7.389027950614660334e+00
2.518796992481202313e-02 7.221449060986728341e+00
2.568922305764410885e-02 7.026532020847547244e+00
2.619047619047618070e-02 6.816888120951788643e+00
2.669172932330826642e-02 6.595826109427624928e+00
2.719298245614035214e-02 6.365588066598091288e+00
2.769423558897242399e-02 6.137240822739939539e+00
2.819548872180450971e-02 5.929137453593961382e+00
2.869674185463658156e-02 5.754586438210687049e+00
2.919799498746866728e-02 5.611339717553896378e+00
2.969924812030075301e-02 5.483436161357302829e+00
3.020050125313282485e-02 5.354056330009473008e+00
3.070175438596491058e-02 5.218075881967400242e+00
3.120300751879698242e-02 5.082868436110478783e+00
3.170426065162906815e-02 4.955835341622480961e+00
3.220551378446115387e-02 4.829561842923400405e+00
3.270676691729322572e-02 4.679253415478942024e+00
3.320802005012531144e-02 4.477341758229217206e+00
3.370927318295738329e-02 4.214860608906125350e+00
3.421052631578946901e-02 3.912458562880211765e+00
3.471177944862155473e-02 3.611893271390860694e+00
3.521303258145362658e-02 3.354214625525769211e+00
3.571428571428571230e-02 3.160548698693294689e+00
3.621553884711778415e-02 3.028129611593561421e+00
3.671679197994986987e-02 2.941451381875109128e+00
3.721804511278195560e-02 2.886905181040433810e+00
3.771929824561402744e-02 2.858537894324655770e+00
3.822055137844611317e-02 2.852647692817718017e+00
3.872180451127818501e-02 2.859713254392416637e+00
3.922305764411027074e-02 2.863186224195936713e+00
3.972431077694235646e-02 2.846209405967616402e+00
4.022556390977442831e-02 2.799283898530954495e+00
4.072681704260651403e-02 2.722170623494198249e+00
4.122807017543858588e-02 2.619974880578795240e+00
4.172932330827067160e-02 2.498660183494893605e+00
4.223057644110275732e-02 2.364252336209046845e+00
4.273182957393482917e-02 2.224770973743126934e+00
4.323308270676691489e-02 2.090549758080709086e+00
4.373433583959898674e-02 1.970900113378010854e+00
4.423558897243107246e-02 1.870418745706180275e+00
4.473684210526315819e-02 1.789776739716019360e+00
4.523809523809523003e-02 1.730436256570642151e+00
4.573934837092731576e-02 1.696532293407154945e+00
4.624060150375940148e-02 1.689291985886553604e+00
4.674185463659147333e-02 1.699106032915927322e+00
4.724310776942355905e-02 1.705600002660870196e+00
4.774436090225563090e-02 1.688727499884910666e+00
4.824561403508771662e-02 1.641863692911490258e+00
4.874686716791980234e-02 1.575168204766188129e+00
4.924812030075187419e-02 1.506647652562556061e+00
4.974937343358395991e-02 1.448956476710952623e+00
5.025062656641603176e-02 1.402357796670165468e+00
5.075187969924811748e-02 1.358266593278001144e+00
5.125313283208020321e-02 1.309346873007256606e+00
5.175438596491227505e-02 1.257238459464335767e+00
5.225563909774436078e-02 1.211149689326189716e+00
5.275689223057643262e-02 1.178715337801130580e+00
5.325814536340851835e-02 1.157939187491882294e+00
5.375939849624060407e-02 1.138201733311955621e+00
5.426065162907267592e-02 1.109409439377075257e+00
5.476190476190476164e-02 1.070405127971806980e+00
5.526315789473683349e-02 1.028954968920070989e+00
5.576441102756891921e-02 9.941882525396451564e-01
5.626566416040100493e-02 9.690065797678402149e-01
5.676691729323307678e-02 9.486134174836718946e-01
5.726817042606516250e-02 9.248996569313090443e-01
5.776942355889723435e-02 8.920700730377272292e-01
5.827067669172932007e-02 8.496904511172551633e-01
5.877192982456140580e-02 8.025311840625392046e-01
5.927318295739347764e-02 7.583581724898154075e-01
5.977443609022556337e-02 7.245649706644480270e-01
6.027568922305763521e-02 7.043689498656692249e-01
6.077694235588972094e-02 6.944622327338813017e-01
6.127819548872180666e-02 6.866756774988499457e-01
6.177944862155387851e-02 6.737880295330831437e-01
6.228070175438596423e-02 6.553302194372847556e-01
6.278195488721803608e-02 6.380781735197315063e-01
6.328320802005012180e-02 6.303521740825299702e-01
6.378446115288220752e-02 6.351141656740495467e-01
6.428571428571427937e-02 6.479041022175640041e-01
6.478696741854636509e-02 6.607880796066685214e-01
6.528822055137843694e-02 6.679168678973562701e-01
6.578947368421052266e-02 6.676694089737303939e-01
6.629072681704260839e-02 6.606594031177638326e-01
6.679197994987468023e-02 6.468311839441837074e-01
6.729323308270676596e-02 6.245770575047304707e-01
6.779448621553883780e-02 5.920575626119576329e-01
6.829573934837092353e-02 5.493329355669486214e-01
6.879699248120300925e-02 4.998828981776693436e-01
6.929824561403508110e-02 4.502545996962282193e-01
6.979949874686716682e-02 4.073877029588662824e-01
7.030075187969923867e-02 3.751519147825058131e-01
7.080200501253132439e-02 3.527765149788842924e-01
7.130325814536341011e-02 3.362679524573571332e-01
7.180451127819548196e-02 3.212647960441548101e-01
7.230576441102756768e-02 3.050856571873035161e-01
7.280701754385963953e-02 2.871940272809098138e-01
7.330827067669172525e-02 2.687183222903069546e-01
7.380952380952381098e-02 2.517575048040084362e-01
7.431077694235588282e-02 2.386164708890776143e-01
7.481203007518796855e-02 2.307881428089510467e-01
7.531328320802004039e-02 2.277497032575398761e-01
7.581453634085212612e-02 2.263270370320023817e-01
7.631578947368421184e-02 2.217137070222897632e-01
7.681704260651629756e-02 2.101886176677575935e-01
7.731829573934835553e-02 1.916910840753306422e-01
7.781954887218044126e-02 1.699687320954311465e-01
7.832080200501252698e-02 1.500498940054580677e-01
7.882205513784461270e-02 1.351939094517781714e-01
7.932330827067669843e-02 1.256303291946987144e-01
7.982456140350875640e-02 1.195122263517918310e-01
8.032581453634084212e-02 1.148067704029785419e-01
8.082706766917292784e-02 1.106460419971316556e-01
8.132832080200501357e-02 1.074989325844661336e-01
8.182957393483709929e-02 1.063866247399910675e-01
8.233082706766915726e-02 1.077521563371232061e-01
8.283208020050124298e-02 1.106228199005216822e-01
8.333333333333332871e-02 1.126072799742513092e-01
8.383458646616541443e-02 1.109570860564494527e-01
8.433583959899750015e-02 1.042329248449582746e-01
8.483709273182955812e-02 9.345658201260007014e-02
8.533834586466164385e-02 8.179352335897090154e-02
8.583959899749372957e-02 7.290413610974068315e-02
8.634085213032581529e-02 6.914678377143289312e-02
8.684210526315790102e-02 7.081019350715951621e-02
8.734335839598995899e-02 7.659776943443305508e-02
8.784461152882204471e-02 8.465844855166580751e-02
8.834586466165413043e-02 9.332465931449698826e-02
8.884711779448621616e-02 1.012981341879661268e-01
8.934837092731830188e-02 1.076190000717636153e-01
8.984962406015035985e-02 1.117766035512188366e-01
9.035087719298244557e-02 1.138786358472323457e-01
9.085213032581453130e-02 1.145088443570907721e-01
9.135338345864661702e-02 1.141828276793696445e-01
9.185463659147870275e-02 1.128803605956861661e-01
9.235588972431076071e-02 1.102307024304084448e-01
9.285714285714284644e-02 1.061933402222124817e-01
9.335839598997493216e-02 1.013430478083861969e-01
9.385964912280701788e-02 9.631327944176577838e-02
9.436090225563910361e-02 9.115652212807306976e-02
9.486215538847116158e-02 8.555956506603212830e-02
9.536340852130324730e-02 7.961167534485392994e-02
9.586466165413533302e-02 7.399229176588879853e-02
9.636591478696741875e-02 6.927426514110567035e-02
9.686716791979950447e-02 6.528702221322972565e-02
9.736842105263156244e-02 6.138799080883710485e-02
9.786967418546364816e-02 5.728772221254985891e-02
9.837092731829573389e-02 5.340209825812130412e-02
9.887218045112781961e-02 5.030736908898394283e-02
9.937343358395990534e-02 4.791661732751942987e-02
9.987468671679196330e-02 4.533003269758516252e-02
1.003759398496240490e-01 4.166451407395242723e-02
1.008771929824561348e-01 3.718706119410369881e-02
1.013784461152882205e-01 3.367722003444839629e-02
1.018796992481203062e-01 3.354346257620498956e-02
1.023809523809523642e-01 3.829170363921124282e-02
1.028822055137844499e-01 4.747916401797560443e-02
1.033834586466165356e-01 5.884749680321498672e-02
1.038847117794486213e-01 6.945202209012207861e-02
1.043859649122807071e-01 7.705386169153942422e-02
1.048872180451127650e-01 8.100564017753048018e-02
1.053884711779448508e-01 8.211973920958112738e-02
1.058897243107769365e-01 8.154416124732957738e-02
1.063909774436090222e-01 7.946999060886100752e-02
1.068922305764411079e-01 7.488196898281275493e-02
1.073934837092731659e-01 6.674805525277673068e-02
1.078947368421052516e-01 5.555278406260776014e-02
1.083959899749373373e-01 4.359067989561032225e-02
1.088972431077694231e-01 3.365981817521711966e-02
1.093984962406015088e-01 2.740125993639252674e-02
1.098997493734335668e-01 2.476261863970110125e-02
1.104010025062656525e-01 2.480677069106536348e-02
1.109022556390977382e-01 2.679777564475861740e-02
1.114035087719298239e-01 3.046055839691422240e-02
1.119047619047619097e-01 3.537198700664517109e-02
1.124060150375939676e-01 4.037284808636519562e-02
1.129072681704260533e-01 4.378025689370845103e-02
1.134085213032581391e-01 4.429334578951644313e-02
1.139097744360902248e-01 4.178845735754700697e-02
1.144110275689223105e-01 3.730275668227567981e-02
1.149122807017543685e-01 3.222327856121736528e-02
1.154135338345864542e-01 2.737792065160672347e-02
1.159147869674185399e-01 2.277151856430795901e-02
1.164160401002506257e-01 1.806976935213908120e-02
1.169172932330827114e-01 1.323862766629447206e-02
1.174185463659147693e-01 8.713597315393444009e-03
1.179197994987468551e-01 5.059728929151528602e-03
1.184210526315789408e-01 2.566711182051886753e-03
1.189223057644110265e-01 1.143531284650034377e-03
1.194235588972431122e-01 4.997833110158553856e-04
1.199248120300751702e-01 4.004327244981130234e-04
1.204260651629072559e-01 8.551351387571445861e-04
1.209273182957393417e-01 2.226599779543367037e-03
1.214285714285714274e-01 5.235246419960436909e-03
1.219298245614035131e-01 1.074310981625804101e-02
1.224310776942355711e-01 1.921671784849203826e-02
1.229323308270676568e-01 3.003908491396873465e-02
1.234335839598997425e-01 4.119588293883106461e-02
1.239348370927318282e-01 4.983218615309552985e-02
1.244360902255639140e-01 5.353743586324372777e-02
1.249373433583959719e-01 5.150081473407485538e-02
1.254385964912280715e-01 4.472038043393296303e-02
1.259398496240601295e-01 3.527094648064265509e-02
1.264411027568922430e-01 2.532256728064692999e-02
1.269423558897243010e-01 1.650426758028292196e-02
1.274436090225563589e-01 9.698824202422720933e-03
1.279448621553884724e-01 5.094936395725637585e-03
1.284461152882205304e-01 2.380379543361097611e-03
1.289473684210526438e-01 1.021331783887904562e-03
1.294486215538847018e-01 5.442623479785044108e-04
1.299498746867167598e-01 7.390973531223253004e-04
1.304511278195488733e-01 1.756028487490934311e-03
1.309523809523809312e-01 4.071275932592372318e-03
1.314536340852130447e-01 8.237723370275333579e-03
1.319548872180451027e-01 1.437219024046593532e-02
1.324561403508771606e-01 2.159511719613042488e-02
1.329573934837092741e-01 2.794172807077584600e-02
1.334586466165413321e-01 3.113227863762775549e-02
1.339598997493734456e-01 2.986950298068941426e-02
1.344611528822055035e-01 2.467768856318027643e-02
1.349624060150375615e-01 1.755660059051437558e-02
1.354636591478696750e-01 1.075565403111670808e-02
1.359649122807017330e-01 5.674219728234589262e-03
1.364661654135338464e-01 2.578740876751310380e-03
1.369674185463659044e-01 1.014302614928016839e-03
1.374686716791979624e-01 3.655599794234327114e-04
1.379699248120300759e-01 1.944929943219766912e-04
1.384711779448621338e-01 3.305613419612606269e-04
1.389724310776942473e-01 8.451428431155330167e-04
1.394736842105263053e-01 1.986188854517483525e-03
1.399749373433583632e-01 4.040979127962919006e-03
1.404761904761904767e-01 7.082623565988059935e-03
1.409774436090225347e-01 1.068994249000260882e-02
1.414786967418546482e-01 1.389367319423701411e-02
1.419799498746867061e-01 1.554956559400052021e-02
1.424812030075188196e-01 1.498576205261692613e-02
1.429824561403508776e-01 1.243651758350074188e-02
1.434837092731829356e-01 8.887469584225551889e-03
1.439849624060150490e-01 5.469112413796929813e-03
1.444862155388471070e-01 2.898110605423371341e-03
1.449874686716792205e-01 1.322429247221096858e-03
1.454887218045112784e-01 5.196241397983751304e-04
1.459899749373433364e-01 1.758189066097939684e-04
1.464912280701754499e-01 5.122727030527028240e-05
1.469924812030075079e-01 1.285275526095531501e-05
1.474937343358396213e-01 2.776838643561858053e-06
1.479949874686716793e-01 5.166119342254314061e-07
1.484962406015037373e-01 8.276326363804039127e-08
1.489974937343358508e-01 1.141747751361322958e-08
1.494987468671679087e-01 1.356319810952575514e-09
1.499999999999999944e-01 1.387437501588326205e-10
