-5.000000000000000278e-02 0.000000000000000000e+00
-4.949874686716792399e-02 0.000000000000000000e+00
-4.899749373433584521e-02 0.000000000000000000e+00
-4.849624060150375948e-02 0.000000000000000000e+00
-4.799498746867168070e-02 0.000000000000000000e+00
-4.749373433583960191e-02 0.000000000000000000e+00
-4.699248120300752313e-02 0.000000000000000000e+00
-4.649122807017544434e-02 0.000000000000000000e+00
-4.598997493734335862e-02 0.000000000000000000e+00
-4.548872180451127983e-02 0.000000000000000000e+00
-4.498746867167920105e-02 0.000000000000000000e+00
-4.448621553884712226e-02 0.000000000000000000e+00
-4.398496240601504348e-02 0.000000000000000000e+00
-4.348370927318295776e-02 0.000000000000000000e+00
-4.298245614035087897e-02 0.000000000000000000e+00
-4.248120300751880019e-02 0.000000000000000000e+00
-4.197994987468672140e-02 0.000000000000000000e+00
-4.147869674185464262e-02 0.000000000000000000e+00
-4.097744360902255689e-02 0.000000000000000000e+00
-4.047619047619047811e-02 0.000000000000000000e+00
-3.997493734335839932e-02 0.000000000000000000e+00
-3.947368421052632054e-02 0.000000000000000000e+00
-3.897243107769424175e-02 0.000000000000000000e+00
-3.847117794486215603e-02 0.000000000000000000e+00
-3.796992481203007724e-02 0.000000000000000000e+00
-3.746867167919799846e-02 0.000000000000000000e+00
-3.696741854636591967e-02 0.000000000000000000e+00
-3.646616541353384089e-02 0.000000000000000000e+00
-3.596491228070175517e-02 0.000000000000000000e+00
-3.546365914786967638e-02 0.000000000000000000e+00
-3.496240601503759760e-02 0.000000000000000000e+00
-3.446115288220551881e-02 0.000000000000000000e+00
-3.395989974937344003e-02 0.000000000000000000e+00
-3.345864661654135430e-02 0.000000000000000000e+00
-3.295739348370927552e-02 0.000000000000000000e+00
-3.245614035087719673e-02 0.000000000000000000e+00
-3.195488721804511101e-02 2.956982890359860567e-320
-3.145363408521303916e-02 2.263533233596395082e-295
-3.095238095238095691e-02 1.900007268077735774e-271
-3.045112781954887465e-02 1.532984190504593414e-248
-2.994987468671679587e-02 1.188869311381246273e-226
-2.944862155388471361e-02 8.862261976335604528e-206
-2.894736842105263483e-02 6.349932053249359840e-186
-2.844611528822055604e-02 4.373283173622031900e-167
-2.794486215538847379e-02 2.895077185695965693e-149
-2.744360902255639501e-02 1.842157342837112365e-132
-2.694235588972431275e-02 1.126697479812004029e-116
-2.644110275689223397e-02 6.623719779285115198e-102
-2.593984962406015171e-02 3.742920528168515495e-88
-2.543859649122807293e-02 2.032980850170605034e-75
-2.493734335839599414e-02 1.061377792056665254e-63
-2.443609022556391189e-02 5.326239998499424936e-53
-2.393483709273183310e-02 2.569126529822475578e-43
-2.343358395989975085e-02 1.191144042072495142e-34
-2.293233082706767206e-02 5.308320038091333496e-27
-2.243107769423559328e-02 2.273861147349209639e-20
-2.192982456140351102e-02 9.362348658663184295e-15
-2.142857142857143224e-02 3.705268689780290306e-10
-2.092731829573934998e-02 1.409511519374336872e-06
-2.042606516290727120e-02 5.153847743830104310e-04
-1.992481203007519241e-02 1.811381898719698416e-02
-1.942355889724311016e-02 6.125230557163374723e-02
-1.892230576441103138e-02 2.562542764668551687e-02
-1.842105263157894912e-02 6.244865024486236094e-02
-1.791979949874687034e-02 1.026229628166055730e-01
-1.741854636591479155e-02 6.813366161963510526e-02
-1.691729323308271277e-02 1.652819596784890488e-01
-1.641604010025062704e-02 1.467325316816673608e-01
-1.591478696741854826e-02 4.933378788552947314e-02
-1.541353383458646947e-02 4.433410217078825183e-02
-1.491228070175439069e-02 3.283256641532684150e-01
-1.441102756892231190e-02 1.071335195967613396e+00
-1.390977443609022618e-02 1.564531393272347248e+00
-1.340852130325814739e-02 1.681616336440239889e+00
-1.290726817042606861e-02 2.405590151634868779e+00
-1.240601503759398982e-02 2.987639743456161678e+00
-1.190476190476191104e-02 4.348518463606784401e+00
-1.140350877192982532e-02 5.663274327484387527e+00
-1.090225563909774653e-02 7.597224099809614550e+00
-1.040100250626566775e-02 9.680703940962049003e+00
-9.899749373433588961e-03 1.393959586699235409e+01
-9.398496240601510177e-03 1.977775225224625544e+01
-8.897243107769424453e-03 2.667539657969197719e+01
-8.395989974937345668e-03 3.532089150364610219e+01
-7.894736842105266883e-03 4.683694460700469619e+01
-7.393483709273188098e-03 5.984059195355451521e+01
-6.892230576441109313e-03 7.495923074986974655e+01
-6.390977443609023589e-03 9.108624191858926622e+01
-5.889724310776944805e-03 1.048835239008469244e+02
-5.388471177944866020e-03 1.194008286176217695e+02
-4.887218045112787235e-03 1.320464182539525098e+02
-4.385964912280708450e-03 1.373128632029836069e+02
-3.884711779448622726e-03 1.374321689547157916e+02
-3.383458646616543941e-03 1.341184673196674169e+02
-2.882205513784465156e-03 1.249441090001749757e+02
-2.380952380952386371e-03 1.089294478216074964e+02
-1.879699248120300648e-03 8.706680238724358389e+01
-1.378446115288221863e-03 6.516064349832969071e+01
-8.771929824561430777e-04 3.749847236872555811e+01
-3.759398496240642928e-04 1.113613073560955691e+01
1.253132832080144921e-04 1.713178115062145679e+00
6.265664160401002158e-04 8.621393448346535981e-01
1.127819548872179001e-03 8.252799309155758323e-01
1.629072681704257786e-03 6.534311126682379456e-01
2.130325814536336571e-03 7.843174870755599271e-01
2.631578947368415355e-03 8.952202607197938811e-01
3.132832080200501079e-03 9.053717445278618436e-01
3.634085213032579864e-03 1.093941749091619453e+00
4.135338345864658649e-03 1.220713843635170104e+00
4.636591478696737434e-03 1.376978800685023430e+00
5.137844611528816219e-03 1.380651019717832106e+00
5.639097744360901943e-03 1.783966985929305027e+00
6.140350877192980728e-03 1.868698930563421845e+00
6.641604010025059512e-03 1.972130392803539412e+00
7.142857142857138297e-03 2.549295055971990465e+00
7.644110275689217082e-03 3.035664839054176944e+00
8.145363408521302806e-03 2.846723986206906698e+00
8.646616541353381591e-03 2.380711129157593753e+00
9.147869674185460376e-03 2.766997756113904305e+00
9.649122807017539161e-03 3.057461524990424007e+00
1.015037593984961795e-02 3.127345778082483374e+00
1.065162907268170367e-02 3.270129870337795897e+00
1.115288220551378245e-02 3.585327296556332755e+00
1.165413533834586124e-02 3.733600960304547023e+00
1.215538847117794002e-02 4.528835770420345241e+00
1.265664160401001881e-02 5.110546610837602088e+00
1.315789473684210453e-02 4.522106094921301001e+00
1.365914786967417638e-02 4.179817899261320413e+00
1.416040100250626210e-02 4.075957315578485840e+00
1.466165413533834783e-02 4.097055838174525455e+00
1.516290726817041967e-02 4.249096752765465723e+00
1.566416040100250540e-02 4.362744557386315947e+00
1.616541353383457724e-02 3.894282861965729925e+00
1.666666666666666297e-02 4.253623094624032319e+00
1.716791979949874869e-02 4.819500037634855794e+00
1.766917293233082054e-02 4.541578473104311620e+00
1.817042606516290626e-02 5.012544754775952960e+00
1.867167919799497811e-02 5.416382912282861284e+00
1.917293233082706383e-02 5.328194022501407723e+00
1.967418546365914955e-02 4.953271590123192958e+00
2.017543859649122140e-02 5.383788101216613775e+00
2.067669172932330712e-02 5.090708569480998591e+00
2.117794486215537897e-02 4.822823832995188909e+00
2.167919799498746469e-02 5.179239351803997415e+00
2.218045112781955042e-02 5.063068895222160748e+00
2.268170426065162226e-02 5.061020238325103726e+00
2.318295739348370799e-02 5.447799746082426786e+00
2.368421052631577983e-02 4.956246495536772656e+00
2.418546365914786556e-02 5.092660697326730102e+00
2.468671679197995128e-02 4.947788625362007586e+00
2.518796992481202313e-02 5.099584258905361267e+00
2.568922305764410885e-02 5.292811883750569990e+00
2.619047619047618070e-02 5.086773435903657159e+00
2.669172932330826642e-02 5.098450658001772773e+00
2.719298245614035214e-02 5.051189368078246922e+00
2.769423558897242399e-02 5.390156458612689327e+00
2.819548872180450971e-02 4.811751916573582477e+00
2.869674185463658156e-02 4.478007540067878267e+00
2.919799498746866728e-02 4.612778748775168580e+00
2.969924812030075301e-02 4.608370405356361665e+00
3.020050125313282485e-02 4.759626949470934676e+00
3.070175438596491058e-02 4.158311976422950806e+00
3.120300751879698242e-02 3.854583362718941864e+00
3.170426065162906815e-02 3.333390281081188178e+00
3.220551378446115387e-02 4.405307697978352977e+00
3.270676691729322572e-02 4.732911040644289358e+00
3.320802005012531144e-02 4.133014120695388094e+00
3.370927318295738329e-02 3.696873308216957366e+00
3.421052631578946901e-02 3.505012737125050126e+00
3.471177944862155473e-02 3.292286891877068467e+00
3.521303258145362658e-02 3.153038379099082356e+00
3.571428571428571230e-02 2.928087667001646910e+00
3.621553884711778415e-02 2.933364218329222339e+00
3.671679197994986987e-02 3.095689824189704176e+00
3.721804511278195560e-02 3.644115883569932546e+00
3.771929824561402744e-02 3.007669842134191196e+00
3.822055137844611317e-02 3.395791732820871545e+00
3.872180451127818501e-02 3.058282426473381665e+00
3.922305764411027074e-02 2.971520650878429759e+00
3.972431077694235646e-02 2.770926603830548007e+00
4.022556390977442831e-02 2.702736213021690759e+00
4.072681704260651403e-02 2.246610268440361047e+00
4.122807017543858588e-02 2.521599593293375463e+00
4.172932330827067160e-02 2.728185257168396660e+00
4.223057644110275732e-02 2.858072874571541799e+00
4.273182957393482917e-02 2.454497522817339572e+00
4.323308270676691489e-02 1.978364325061440221e+00
4.373433583959898674e-02 1.879074494277636509e+00
4.423558897243107246e-02 2.415122566931085846e+00
4.473684210526315819e-02 2.857065143332032431e+00
4.523809523809523003e-02 2.624859616774391391e+00
4.573934837092731576e-02 1.996109727238833509e+00
4.624060150375940148e-02 2.616731034333898087e+00
4.674185463659147333e-02 2.063430900662196699e+00
4.724310776942355905e-02 1.925097380924167156e+00
4.774436090225563090e-02 2.470071327955529306e+00
4.824561403508771662e-02 1.532826663292807590e+00
4.874686716791980234e-02 1.453639754081243129e+00
4.924812030075187419e-02 1.274798020283879785e+00
4.974937343358395991e-02 1.352884848623272074e+00
5.025062656641603176e-02 1.291106224707105010e+00
5.075187969924811748e-02 1.571780753608459813e+00
5.125313283208020321e-02 1.458537178042487614e+00
5.175438596491227505e-02 1.506129565307489093e+00
5.225563909774436078e-02 1.496908586686043652e+00
5.275689223057643262e-02 9.043457480205948640e-01
5.325814536340851835e-02 7.857201956884165561e-01
5.375939849624060407e-02 1.049161950319303704e+00
5.426065162907267592e-02 1.047514256336751215e+00
5.476190476190476164e-02 1.099643002588084784e+00
5.526315789473683349e-02 1.190230198977010989e+00
5.576441102756891921e-02 1.427996419753574386e+00
5.626566416040100493e-02 1.002191443738889243e+00
5.676691729323307678e-02 8.324214446369080367e-01
5.726817042606516250e-02 7.192322336389715964e-01
5.776942355889723435e-02 6.848989843761951191e-01
5.827067669172932007e-02 9.544841280202059908e-01
5.877192982456140580e-02 9.875817700539678556e-01
5.927318295739347764e-02 7.328048260467331376e-01
5.977443609022556337e-02 1.202674000788978681e+00
6.027568922305763521e-02 1.135549872648200065e+00
6.077694235588972094e-02 6.783841330576663164e-01
6.127819548872180666e-02 7.846632281650192109e-01
6.177944862155387851e-02 7.799562617485528149e-01
6.228070175438596423e-02 7.550894586132420594e-01
6.278195488721803608e-02 1.089517865517994899e+00
6.328320802005012180e-02 7.534414257970218909e-01
6.378446115288220752e-02 6.757676885792724963e-01
6.428571428571427937e-02 6.874718285555095898e-01
6.478696741854636509e-02 7.581026227258729211e-01
6.528822055137843694e-02 9.786908222633580179e-01
6.578947368421052266e-02 7.368440359906562875e-01
6.629072681704260839e-02 6.060275665116828803e-01
6.679197994987468023e-02 4.311528651999089190e-01
6.729323308270676596e-02 4.941067429688842938e-01
6.779448621553883780e-02 4.145983263847031752e-01
6.829573934837092353e-02 3.134007738243299035e-01
6.879699248120300925e-02 3.297092101408481968e-01
6.929824561403508110e-02 6.293855889796604597e-01
6.979949874686716682e-02 6.877767450230600765e-01
7.030075187969923867e-02 5.361507904614423170e-01
7.080200501253132439e-02 2.657074405756325586e-01
7.130325814536341011e-02 2.440329867009880804e-01
7.180451127819548196e-02 5.387841039688954226e-01
7.230576441102756768e-02 6.052072633504139709e-01
7.280701754385963953e-02 4.895105288971789981e-01
7.330827067669172525e-02 3.883887375255881125e-01
7.380952380952381098e-02 4.170934449197390426e-01
7.431077694235588282e-02 3.652008477212457249e-01
7.481203007518796855e-02 2.978379743583853823e-01
7.531328320802004039e-02 2.948286361395703326e-01
7.581453634085212612e-02 5.104800570118409597e-01
7.631578947368421184e-02 6.837333210421693286e-01
7.681704260651629756e-02 3.876408606109136290e-01
7.731829573934835553e-02 1.907979153041180764e-01
7.781954887218044126e-02 2.393896462214318288e-01
7.832080200501252698e-02 1.155500537130334515e-01
7.882205513784461270e-02 5.821939820033537882e-02
7.932330827067669843e-02 1.732327036502306350e-01
7.982456140350875640e-02 9.114491680655066597e-02
8.032581453634084212e-02 9.052337715640958182e-02
8.082706766917292784e-02 2.182010635063021675e-01
8.132832080200501357e-02 2.907950759441028654e-01
8.182957393483709929e-02 1.126366242302079268e-01
8.233082706766915726e-02 1.106215020129740212e-01
8.283208020050124298e-02 2.382894335394343810e-01
8.333333333333332871e-02 1.482768569617711474e-01
8.383458646616541443e-02 2.346307207438569631e-01
8.433583959899750015e-02 2.505115099990765648e-01
8.483709273182955812e-02 2.610609132282574185e-01
8.533834586466164385e-02 2.086713626709962577e-01
8.583959899749372957e-02 2.775624222770568805e-02
8.634085213032581529e-02 4.708118045168597360e-02
8.684210526315790102e-02 2.468332000103862500e-01
8.734335839598995899e-02 3.895459901050913887e-01
8.784461152882204471e-02 1.151840700226561681e-01
8.834586466165413043e-02 4.429374872763527232e-02
8.884711779448621616e-02 1.374700655324076759e-01
8.934837092731830188e-02 2.540211620733436315e-01
8.984962406015035985e-02 1.437341967080458527e-01
9.035087719298244557e-02 2.814371046130949017e-01
9.085213032581453130e-02 1.624804252542299821e-01
9.135338345864661702e-02 1.761351204242160573e-01
9.185463659147870275e-02 2.013010217351886011e-01
9.235588972431076071e-02 8.968767594648835439e-02
9.285714285714284644e-02 5.516273885285311734e-02
9.335839598997493216e-02 5.644332235812282716e-02
9.385964912280701788e-02 6.810991705667039653e-02
9.436090225563910361e-02 1.612450088199964826e-01
9.486215538847116158e-02 9.104100802738827880e-02
9.536340852130324730e-02 9.366654619557186756e-02
9.586466165413533302e-02 1.303198829616992460e-01
9.636591478696741875e-02 2.565112490731367156e-01
9.686716791979950447e-02 1.687994445649819986e-01
9.736842105263156244e-02 3.589902467405003267e-02
9.786967418546364816e-02 1.057957157593950211e-02
9.837092731829573389e-02 1.175707809611819393e-01
9.887218045112781961e-02 1.614438802831106856e-01
9.937343358395990534e-02 7.509547832109488008e-02
9.987468671679196330e-02 7.383994726114813389e-02
1.003759398496240490e-01 1.400815925326568956e-01
1.008771929824561348e-01 1.025002381165825011e-01
1.013784461152882205e-01 2.660367447395511897e-02
1.018796992481203062e-01 4.814990987992256305e-02
1.023809523809523642e-01 5.275427408915930871e-02
1.028822055137844499e-01 9.662509727230893242e-02
1.033834586466165356e-01 2.900890199261567104e-01
1.038847117794486213e-01 3.506387321389408118e-01
1.043859649122807071e-01 7.505698835915398937e-02
1.048872180451127650e-01 6.190738691407170896e-02
1.053884711779448508e-01 2.235783392531634148e-02
1.058897243107769365e-01 1.307468244488388517e-03
1.063909774436090222e-01 1.840554812095146139e-02
1.068922305764411079e-01 7.495903783948963672e-02
1.073934837092731659e-01 1.109873316165656681e-01
1.078947368421052516e-01 1.178353383358066164e-01
1.083959899749373373e-01 6.866035000839683378e-02
1.088972431077694231e-01 2.061149297898857632e-02
1.093984962406015088e-01 6.448889603169928597e-02
1.098997493734335668e-01 1.349570247240532983e-01
1.104010025062656525e-01 1.657576883305453830e-01
1.109022556390977382e-01 2.944582364380966127e-02
1.114035087719298239e-01 7.243867301679796089e-02
1.119047619047619097e-01 1.265564353776392759e-01
1.124060150375939676e-01 7.744140172563819535e-02
1.129072681704260533e-01 1.939390154601299682e-02
1.134085213032581391e-01 5.790525502619765395e-04
1.139097744360902248e-01 8.296783539974776330e-04
1.144110275689223105e-01 2.287207621134483906e-02
1.149122807017543685e-01 6.073187815907571396e-02
1.154135338345864542e-01 1.675126813319875382e-02
1.159147869674185399e-01 3.896932762279332191e-02
1.164160401002506257e-01 1.208719928160570806e-01
1.169172932330827114e-01 3.863597101630171504e-02
1.174185463659147693e-01 1.256045012874446205e-03
1.179197994987468551e-01 4.116813651751675446e-06
1.184210526315789408e-01 1.345460432912521421e-09
1.189223057644110265e-01 4.339141879742989942e-14
1.194235588972431122e-01 4.259508547974166283e-13
1.199248120300751702e-01 7.674842079435170163e-09
1.204260651629072559e-01 1.329209903233878274e-05
1.209273182957393417e-01 2.212746769641774167e-03
1.214285714285714274e-01 3.540657265974857248e-02
1.219298245614035131e-01 5.445654574406326442e-02
1.224310776942355711e-01 8.050638344329530752e-03
1.229323308270676568e-01 1.143996174912872017e-04
1.234335839598997425e-01 1.599051242157823064e-07
1.239348370927318282e-01 7.717593209824831211e-06
1.244360902255639140e-01 1.568274812433813076e-03
1.249373433583959719e-01 3.063400433359993874e-02
1.254385964912280715e-01 5.813149222825043233e-02
1.259398496240601295e-01 3.026241599633981011e-02
1.264411027568922430e-01 6.137186876323359047e-02
1.269423558897243010e-01 1.811920199930499090e-02
1.274436090225563589e-01 3.201807907087131626e-03
1.279448621553884724e-01 3.824762924388790813e-02
1.284461152882205304e-01 5.232368478888604901e-02
1.289473684210526438e-01 6.880533578030747707e-03
1.294486215538847018e-01 8.749573608244886063e-05
1.299498746867167598e-01 2.653265484114112542e-04
1.304511278195488733e-01 1.281406753640031496e-02
1.309523809523809312e-01 5.950929267598364242e-02
1.314536340852130447e-01 2.685764006608711008e-02
1.319548872180451027e-01 1.467823024903489038e-02
1.324561403508771606e-01 5.993019665088953479e-02
1.329573934837092741e-01 2.549572518147295158e-02
1.334586466165413321e-01 1.042646436799715692e-03
1.339598997493734456e-01 4.098461087025353178e-06
1.344611528822055035e-01 1.548526334640488009e-09
1.349624060150375615e-01 5.655853890084061848e-14
1.354636591478696750e-01 2.439416794395056936e-11
1.359649122807017330e-01 1.784839022814413483e-07
1.364661654135338464e-01 1.255238138070138810e-04
1.369674185463659044e-01 8.485300482941708633e-03
1.374686716791979624e-01 5.513436198292957086e-02
1.379699248120300759e-01 3.443431968443346619e-02
1.384711779448621338e-01 2.067162832145005673e-03
1.389724310776942473e-01 1.192811713126573433e-05
1.394736842105263053e-01 6.615816757041247381e-09
1.399749373433583632e-01 2.299838136887810315e-10
1.404761904761904767e-01 9.832158581424545260e-07
1.409774436090225347e-01 4.046514010382354018e-04
1.414786967418546482e-01 1.600763779670907536e-02
1.419799498746867061e-01 6.086778198394731526e-02
1.424812030075188196e-01 2.224650187613588445e-02
1.429824561403508776e-01 7.815378423641723476e-04
1.434837092731829356e-01 2.639078565349748295e-06
1.439849624060150490e-01 8.565814278945016178e-10
1.444862155388471070e-01 2.672384937904792681e-14
1.449874686716792205e-01 8.013901069997255547e-20
1.454887218045112784e-01 2.942407523376443505e-19
1.459899749373433364e-01 7.865663384852723576e-14
1.464912280701754499e-01 2.021072774386528102e-09
1.469924812030075079e-01 4.991632155850483395e-06
1.474937343358396213e-01 1.184996922666171773e-03
1.479949874686716793e-01 2.703995086401978984e-02
1.484962406015037373e-01 5.930736110776835962e-02
1.489974937343358508e-01 1.250331951921267691e-02
1.494987468671679087e-01 2.533705216464567653e-04
1.499999999999999944e-01 4.935155807616416454e-07
