0.000000000000000000e+00 1.356040423275451656e-01
5.016722408026755980e-03 1.348580998599780978e-01
1.003344481605351196e-02 1.288044351389718845e-01
1.505016722408026794e-02 1.183342377463234424e-01
2.006688963210702392e-02 1.047986052722042205e-01
2.508361204013377990e-02 8.973906075209203692e-02
3.010033444816053588e-02 7.461675917682787651e-02
3.511705685618729533e-02 6.060437001752080888e-02
4.013377926421404784e-02 4.847628347934671705e-02
4.515050167224080035e-02 3.859888251547372029e-02
5.016722408026755980e-02 3.099597443849095094e-02
5.518394648829431925e-02 2.545236903410951282e-02
6.020066889632107177e-02 2.162106086389723250e-02
6.521739130434782428e-02 1.911118750115685730e-02
7.023411371237459067e-02 1.754787060941600738e-02
7.525083612040134318e-02 1.660579454587544912e-02
8.026755852842809569e-02 1.602369677730767009e-02
8.528428093645484820e-02 1.560746008505246689e-02
9.030100334448160071e-02 1.522732556612365479e-02
9.531772575250836710e-02 1.481204848555699519e-02
1.003344481605351196e-01 1.434092613597622197e-02
1.053511705685618721e-01 1.383388046942812290e-02
1.103678929765886385e-01 1.333986074118719001e-02
1.153846153846153910e-01 1.292422556084632523e-02
1.204013377926421435e-01 1.265608286377206855e-02
1.254180602006688960e-01 1.259666155283822690e-02
1.304347826086956486e-01 1.278968659167846814e-02
1.354515050167224011e-01 1.325451474223769861e-02
1.404682274247491813e-01 1.398252412693577230e-02
1.454849498327759338e-01 1.493696673905239337e-02
1.505016722408026864e-01 1.605620850580767936e-02
1.555183946488294389e-01 1.726001917054732424e-02
1.605351170568561914e-01 1.845834246758329411e-02
1.655518394648829439e-01 1.956174804121240535e-02
1.705685618729096964e-01 2.049249347882660041e-02
1.755852842809364489e-01 2.119480931701172785e-02
1.806020066889632014e-01 2.164278142664266547e-02
1.856187290969899817e-01 2.184427146763468636e-02
1.906354515050167342e-01 2.183989313530307341e-02
1.956521739130434867e-01 2.169714179568131215e-02
2.006688963210702392e-01 2.150102335986559671e-02
2.056856187290969917e-01 2.134338007852765867e-02
2.107023411371237442e-01 2.131307789887196616e-02
2.157190635451504968e-01 2.148824149603408354e-02
2.207357859531772770e-01 2.193031527042057366e-02
2.257525083612040295e-01 2.267877066642507572e-02
2.307692307692307820e-01 2.374550196553508116e-02
2.357859531772575346e-01 2.510941262654173278e-02
2.408026755852842871e-01 2.671359929303118719e-02
2.458193979933110396e-01 2.846859270561370725e-02
2.508361204013377921e-01 3.026424807700167294e-02
2.558528428093645446e-01 3.198997538158047937e-02
2.608695652173912971e-01 3.355913846243620963e-02
2.658862876254180496e-01 3.493046184430487200e-02
2.709030100334448021e-01 3.611882763465082413e-02
2.759197324414715546e-01 3.719050889824739026e-02
2.809364548494983627e-01 3.824281220907432832e-02
2.859531772575251152e-01 3.937336848064976885e-02
2.909698996655518677e-01 4.064784823209620368e-02
2.959866220735786202e-01 4.207541385391085770e-02
3.010033444816053727e-01 4.359876972689188251e-02
3.060200668896321252e-01 4.510136107105335718e-02
3.110367892976588777e-01 4.642970874304308548e-02
3.160535117056856302e-01 4.742540594741350563e-02
3.210702341137123828e-01 4.795961089916519343e-02
3.260869565217391353e-01 4.796290785618518432e-02
3.311036789297658878e-01 4.744472826041488261e-02
3.361204013377926403e-01 4.649862215122558401e-02
3.411371237458193928e-01 4.529219357536622137e-02
3.461538461538461453e-01 4.404322966521807131e-02
3.511705685618728978e-01 4.298619007329266412e-02
3.561872909698996503e-01 4.233534914228670454e-02
3.612040133779264028e-01 4.225194361092872442e-02
3.662207357859532109e-01 4.282220102911963450e-02
3.712374581939799634e-01 4.405097107394909117e-02
3.762541806020067159e-01 4.587221291071828799e-02
3.812709030100334684e-01 4.817363679699241535e-02
3.862876254180602209e-01 5.082943906217555347e-02
3.913043478260869734e-01 5.373329358435030567e-02
3.963210702341137259e-01 5.682410162024937456e-02
4.013377926421404784e-01 6.009929369208695527e-02
4.063545150501672309e-01 6.361388322749553237e-02
4.113712374581939835e-01 6.746679973844696421e-02
4.163879598662207360e-01 7.177826555700089761e-02
4.214046822742474885e-01 7.666276256558393620e-02
4.264214046822742410e-01 8.220187082913271714e-02
4.314381270903009935e-01 8.842076250702672613e-02
4.364548494983277460e-01 9.527197535487670621e-02
4.414715719063545540e-01 1.026301149746568359e-01
4.464882943143813065e-01 1.103005175517208364e-01
4.515050167224080591e-01 1.180427896163268459e-01
4.565217391304348116e-01 1.256064629187979564e-01
4.615384615384615641e-01 1.327718819442392506e-01
4.665551839464883166e-01 1.393867867232155278e-01
4.715719063545150691e-01 1.453895151712393807e-01
4.765886287625418216e-01 1.508136545626801717e-01
4.816053511705685741e-01 1.557749314747133851e-01
4.866220735785953266e-01 1.604466233884143944e-01
4.916387959866220791e-01 1.650324217640822266e-01
4.966555183946488317e-01 1.697444690587035787e-01
5.016722408026755842e-01 1.747901044981620133e-01
5.066889632107023367e-01 1.803659521661269971e-01
5.117056856187290892e-01 1.866548437131348992e-01
5.167224080267558417e-01 1.938211283856590972e-01
5.217391304347825942e-01 2.020029250158079381e-01
5.267558528428093467e-01 2.113040372767405473e-01
5.317725752508360992e-01 2.217911877099937035e-01
5.367892976588628517e-01 2.335020682433182893e-01
5.418060200668896043e-01 2.464660307138417383e-01
5.468227424749163568e-01 2.607333226070497334e-01
5.518394648829431093e-01 2.764031081365840303e-01
5.568561872909698618e-01 2.936378179796191312e-01
5.618729096989967253e-01 3.126534378504770006e-01
5.668896321070234778e-01 3.336822343376230071e-01
5.719063545150502303e-01 3.569142622278319021e-01
5.769230769230769829e-01 3.824335324433331684e-01
5.819397993311037354e-01 4.101703098297193040e-01
5.869565217391304879e-01 4.398898951898941312e-01
5.919732441471572404e-01 4.712296272303005962e-01
5.969899665551839929e-01 5.037814915815977956e-01
6.020066889632107454e-01 5.372018485436060864e-01
6.070234113712374979e-01 5.713179477721447297e-01
6.120401337792642504e-01 6.061981055259492157e-01
6.170568561872910029e-01 6.421609845524823834e-01
6.220735785953177555e-01 6.797174349793592141e-01
6.270903010033445080e-01 7.194598461208614459e-01
6.321070234113712605e-01 7.619309657608487329e-01
6.371237458193980130e-01 8.075100913375513612e-01
6.421404682274247655e-01 8.563472786854423591e-01
6.471571906354515180e-01 9.083590993500967326e-01
6.521739130434782705e-01 9.632797514092868996e-01
6.571906354515050230e-01 1.020746613806822189e+00
6.622073578595317755e-01 1.080394087374428880e+00
6.672240802675585281e-01 1.141933416397960199e+00
6.722408026755852806e-01 1.205204951127453405e+00
6.772575250836120331e-01 1.270197912915654648e+00
6.822742474916387856e-01 1.337038132450536709e+00
6.872909698996655381e-01 1.405946706732448703e+00
6.923076923076922906e-01 1.477174526866513515e+00
6.973244147157190431e-01 1.550921353684002302e+00
7.023411371237457956e-01 1.627253371850593489e+00
7.073578595317725481e-01 1.706037136166256518e+00
7.123745819397993007e-01 1.786906953823617528e+00
7.173913043478260532e-01 1.869275302719507925e+00
7.224080267558528057e-01 1.952383630946647131e+00
7.274247491638796692e-01 2.035378487559776239e+00
7.324414715719064217e-01 2.117390538428352897e+00
7.374581939799331742e-01 2.197594525576942015e+00
7.424749163879599267e-01 2.275236051462534270e+00
7.474916387959866793e-01 2.349622947045344468e+00
7.525083612040134318e-01 2.420090930437951648e+00
7.575250836120401843e-01 2.485962142290087940e+00
7.625418060200669368e-01 2.546518940201358383e+00
7.675585284280936893e-01 2.601012644629582926e+00
7.725752508361204418e-01 2.648716959424855411e+00
7.775919732441471943e-01 2.689019568738458155e+00
7.826086956521739468e-01 2.721527341718339876e+00
7.876254180602006993e-01 2.746148357558909847e+00
7.926421404682274519e-01 2.763115554497164617e+00
7.976588628762542044e-01 2.772935379744552176e+00
8.026755852842809569e-01 2.776274918174316042e+00
8.076923076923077094e-01 2.773829274930379896e+00
8.127090301003344619e-01 2.766222445668863106e+00
8.177257525083612144e-01 2.753981387360492583e+00
8.227424749163879669e-01 2.737588990965011515e+00
8.277591973244147194e-01 2.717583046516295564e+00
8.327759197324414719e-01 2.694644308439782421e+00
8.377926421404682245e-01 2.669619626602994789e+00
8.428093645484949770e-01 2.643454496978596691e+00
8.478260869565217295e-01 2.617049520933376616e+00
8.528428093645484820e-01 2.591088511922471582e+00
8.578595317725752345e-01 2.565898332896815681e+00
8.628762541806019870e-01 2.541388612833642480e+00
8.678929765886287395e-01 2.517090546652576588e+00
8.729096989966554920e-01 2.492281001239174731e+00
8.779264214046822445e-01 2.466153357062928819e+00
8.829431438127091081e-01 2.437986800903132689e+00
8.879598662207358606e-01 2.407271520198863701e+00
8.929765886287626131e-01 2.373763968316680018e+00
8.979933110367893656e-01 2.337467653648466204e+00
9.030100334448161181e-01 2.298554830055605347e+00
9.080267558528428706e-01 2.257258809801537147e+00
9.130434782608696231e-01 2.213772951598803385e+00
9.180602006688963757e-01 2.168189708979804120e+00
9.230769230769231282e-01 2.120501794703963494e+00
9.280936454849498807e-01 2.070669468976888083e+00
9.331103678929766332e-01 2.018737038485689972e+00
9.381270903010033857e-01 1.964963294984164888e+00
9.431438127090301382e-01 1.909920615804205690e+00
9.481605351170568907e-01 1.854520076299660536e+00
9.531772575250836432e-01 1.799936231496078509e+00
9.581939799331103957e-01 1.747432171696308156e+00
9.632107023411371483e-01 1.698116300168599491e+00
9.682274247491639008e-01 1.652688093072624431e+00
9.732441471571906533e-01 1.611242122723202552e+00
9.782608695652174058e-01 1.573192025671082739e+00
9.832775919732441583e-01 1.537348510387153810e+00
9.882943143812709108e-01 1.502144328190129885e+00
9.933110367892976633e-01 1.465956548160222583e+00
9.983277591973244158e-01 1.427446709664963898e+00
1.003344481605351168e+00 1.385833312902393866e+00
1.008361204013378032e+00 1.341031271531945679e+00
1.013377926421404673e+00 1.293632188503718528e+00
1.018394648829431537e+00 1.244743421220058321e+00
1.023411371237458178e+00 1.195737778800835427e+00
1.028428093645485042e+00 1.147979699695456990e+00
1.033444816053511683e+00 1.102587076314447634e+00
1.038461538461538547e+00 1.060267470664401523e+00
1.043478260869565188e+00 1.021243540786833659e+00
1.048494983277592052e+00 9.852634636104062871e-01
1.053511705685618693e+00 9.516814094662673362e-01
1.058528428093645557e+00 9.195891835608457354e-01
1.063545150501672198e+00 8.879790727597304256e-01
1.068561872909699062e+00 8.559165061874991487e-01
1.073578595317725703e+00 8.226988052028482157e-01
1.078595317725752567e+00 7.879751406599783126e-01
1.083612040133779209e+00 7.518058633399485879e-01
1.088628762541806072e+00 7.146484235803580720e-01
1.093645484949832714e+00 6.772712562654813473e-01
1.098662207357859577e+00 6.406127148811043837e-01
1.103678929765886219e+00 6.056145869464161224e-01
1.108695652173913082e+00 5.730649178157212198e-01
1.113712374581939724e+00 5.434812610110952846e-01
1.118729096989966587e+00 5.170544217114527719e-01
1.123745819397993451e+00 4.936577616848545347e-01
1.128762541806020092e+00 4.729123661477948604e-01
1.133779264214046956e+00 4.542873420225368997e-01
1.138795986622073597e+00 4.372093169835260529e-01
1.143812709030100461e+00 4.211564099203327083e-01
1.148829431438127102e+00 4.057187922229780752e-01
1.153846153846153966e+00 3.906185954993888765e-01
1.158862876254180607e+00 3.756936009840579072e-01
1.163879598662207471e+00 3.608586859786586110e-01
1.168896321070234112e+00 3.460636068709894153e-01
1.173913043478260976e+00 3.312639903889674220e-01
1.178929765886287617e+00 3.164151606896977720e-01
1.183946488294314481e+00 3.014884741561229542e-01
1.188963210702341122e+00 2.865009564997554881e-01
1.193979933110367986e+00 2.715443788309301887e-01
1.198996655518394627e+00 2.568006487284792416e-01
1.204013377926421491e+00 2.425354422117644293e-01
1.209030100334448132e+00 2.290688431996564522e-01
1.214046822742474996e+00 2.167278487097958339e-01
1.219063545150501637e+00 2.057895130862905375e-01
1.224080267558528501e+00 1.964251745593057208e-01
1.229096989966555142e+00 1.886563057406107913e-01
1.234113712374582006e+00 1.823315653313289375e-01
1.239130434782608647e+00 1.771324476474309129e-01
1.244147157190635511e+00 1.726109562439097356e-01
1.249163879598662152e+00 1.682567359219634406e-01
1.254180602006689016e+00 1.635838836326207468e-01
1.259197324414715657e+00 1.582211439762476191e-01
1.264214046822742521e+00 1.519857775000069133e-01
1.269230769230769162e+00 1.449228944456643908e-01
1.274247491638796026e+00 1.372988124514055164e-01
1.279264214046822667e+00 1.295475551667778780e-01
1.284280936454849531e+00 1.221810880953246581e-01
1.289297658862876395e+00 1.156829664699656479e-01
1.294314381270903036e+00 1.104090994113764018e-01
1.299331103678929900e+00 1.065172215258050892e-01
1.304347826086956541e+00 1.039391929796947694e-01
1.309364548494983405e+00 1.023997426202483269e-01
1.314381270903010046e+00 1.014747171638814005e-01
1.319397993311036910e+00 1.006739469608657483e-01
1.324414715719063551e+00 9.953003830024351184e-02
1.329431438127090415e+00 9.767500891906508165e-02
1.334448160535117056e+00 9.489094290311751723e-02
1.339464882943143920e+00 9.112747450828430351e-02
1.344481605351170561e+00 8.648647423772605480e-02
1.349498327759197425e+00 8.118132356811580408e-02
1.354515050167224066e+00 7.548315866217943093e-02
1.359531772575250930e+00 6.966820077255851673e-02
1.364548494983277571e+00 6.397821235692938147e-02
1.369565217391304435e+00 5.860078222825390593e-02
1.374581939799331076e+00 5.366928318870512610e-02
1.379598662207357940e+00 4.927632902788089270e-02
1.384615384615384581e+00 4.549142840148336780e-02
1.389632107023411445e+00 4.237412430851084794e-02
1.394648829431438086e+00 3.997752018936074486e-02
1.399665551839464950e+00 3.834191050931442385e-02
1.404682274247491591e+00 3.748222635145082027e-02
1.409698996655518455e+00 3.737483080341739289e-02
1.414715719063545096e+00 3.794864506184870284e-02
1.419732441471571960e+00 3.908343580742099782e-02
1.424749163879598601e+00 4.061556146654931448e-02
1.429765886287625465e+00 4.234958188937015117e-02
1.434782608695652106e+00 4.407333514848273126e-02
1.439799331103678970e+00 4.557424382609527591e-02
1.444816053511705611e+00 4.665526694071728958e-02
1.449832775919732475e+00 4.714958148900547097e-02
1.454849498327759338e+00 4.693346165706075573e-02
1.459866220735785980e+00 4.593684539380029491e-02
1.464882943143812843e+00 4.415081836603092225e-02
1.469899665551839485e+00 4.163088675266747585e-02
1.474916387959866348e+00 3.849470880354818880e-02
1.479933110367892990e+00 3.491319376535548941e-02
1.484949832775919853e+00 3.109474707887836115e-02
1.489966555183946495e+00 2.726387865287173418e-02
1.494983277591973359e+00 2.363698893747769383e-02
1.500000000000000000e+00 2.039926208387228893e-02
