0.000000000000000000e+00 4.163967058454650511e-02
5.016722408026755980e-02 4.993499749163505391e-02
1.003344481605351196e-01 5.894849805622343758e-02
1.505016722408026864e-01 6.855335916646357330e-02
2.006688963210702392e-01 7.859828203855084849e-02
2.508361204013377921e-01 8.891771531781343663e-02
3.010033444816053727e-01 9.934348477218887807e-02
3.511705685618728978e-01 1.097164693488605208e-01
4.013377926421404784e-01 1.198969442268310315e-01
4.515050167224080591e-01 1.297724056888331923e-01
5.016722408026755842e-01 1.392620795965648917e-01
5.518394648829431093e-01 1.483178226062685234e-01
6.020066889632107454e-01 1.569216532977209533e-01
6.521739130434782705e-01 1.650805946599212815e-01
7.023411371237457956e-01 1.728197860583850221e-01
7.525083612040134318e-01 1.801748903307352490e-01
8.026755852842809569e-01 1.871846922014936410e-01
8.528428093645484820e-01 1.938845208956546384e-01
9.030100334448161181e-01 2.003008289355123761e-01
9.531772575250836432e-01 2.064470209163437042e-01
1.003344481605351168e+00 2.123205222552005944e-01
1.053511705685618693e+00 2.179011253807748572e-01
1.103678929765886219e+00 2.231508018329668441e-01
1.153846153846153966e+00 2.280153229274783921e-01
1.204013377926421491e+00 2.324280693508569695e-01
1.254180602006689016e+00 2.363162378472329628e-01
1.304347826086956541e+00 2.396092469103442424e-01
1.354515050167224066e+00 2.422485721912759626e-01
1.404682274247491591e+00 2.441976608975343355e-01
1.454849498327759338e+00 2.454501817704912991e-01
1.505016722408026864e+00 2.460348414622774982e-01
1.555183946488294389e+00 2.460154289461582433e-01
1.605351170568561914e+00 2.454855927101380342e-01
1.655518394648829439e+00 2.445589293136078979e-01
1.705685618729096964e+00 2.433559923907616385e-01
1.755852842809364489e+00 2.419905331568108497e-01
1.806020066889632236e+00 2.405574520030864250e-01
1.856187290969899761e+00 2.391245204420173187e-01
1.906354515050167286e+00 2.377290389320358410e-01
1.956521739130434812e+00 2.363794797578708251e-01
2.006688963210702337e+00 2.350611308470633709e-01
2.056856187290970084e+00 2.337440699018362156e-01
2.107023411371237387e+00 2.323916012188151636e-01
2.157190635451505134e+00 2.309675671301292255e-01
2.207357859531772437e+00 2.294415527091513973e-01
2.257525083612040184e+00 2.277917125501249529e-01
2.307692307692307931e+00 2.260055438994953425e-01
2.357859531772575234e+00 2.240792667933634297e-01
2.408026755852842982e+00 2.220165129479169386e-01
2.458193979933110285e+00 2.198268365009288239e-01
2.508361204013378032e+00 2.175242691377688442e-01
2.558528428093645335e+00 2.151258858674638952e-01
2.608695652173913082e+00 2.126502225218983300e-01
2.658862876254180829e+00 2.101154224890166844e-01
2.709030100334448132e+00 2.075371521616122816e-01
2.759197324414715879e+00 2.049265309150214431e-01
2.809364548494983183e+00 2.022884789224330404e-01
2.859531772575250930e+00 1.996209222398642180e-01
2.909698996655518677e+00 1.969151801331535945e-01
2.959866220735785980e+00 1.941576164728263665e-01
3.010033444816053727e+00 1.913323305260624108e-01
3.060200668896321030e+00 1.884243816369845781e-01
3.110367892976588777e+00 1.854228734361488828e-01
3.160535117056856080e+00 1.823232240347925082e-01
3.210702341137123828e+00 1.791281294759271836e-01
3.260869565217391575e+00 1.758470458977660911e-01
3.311036789297658878e+00 1.724943859363673448e-01
3.361204013377926625e+00 1.690869426788327023e-01
3.411371237458193928e+00 1.656412287582981202e-01
3.461538461538461675e+00 1.621713999036205334e-01
3.511705685618728978e+00 1.586882310321453549e-01
3.561872909698996725e+00 1.551992943455807461e-01
3.612040133779264472e+00 1.517101523839771982e-01
3.662207357859531776e+00 1.482261243309841992e-01
3.712374581939799523e+00 1.447540776370294657e-01
3.762541806020066826e+00 1.413037522788030964e-01
3.812709030100334573e+00 1.378883013427793791e-01
3.862876254180602320e+00 1.345239553042613112e-01
3.913043478260869623e+00 1.312289122937806418e-01
3.963210702341137370e+00 1.280216734742496421e-01
4.013377926421404673e+00 1.249190739310415965e-01
4.063545150501671976e+00 1.219342351662465740e-01
4.113712374581940168e+00 1.190746320756960047e-01
4.163879598662207471e+00 1.163404620065925793e-01
4.214046822742474774e+00 1.137235331973276281e-01
4.264214046822742965e+00 1.112069278674948092e-01
4.314381270903010268e+00 1.087656944474542364e-01
4.364548494983277571e+00 1.063687412176303609e-01
4.414715719063544874e+00 1.039819258276768466e-01
4.464882943143813065e+00 1.015720888761017238e-01
4.515050167224080369e+00 9.911152826899892465e-02
4.565217391304347672e+00 9.658223286413566977e-02
4.615384615384615863e+00 9.397915362977000975e-02
4.665551839464883166e+00 9.131191417796578891e-02
4.715719063545150469e+00 8.860462617287630238e-02
4.765886287625417772e+00 8.589381202249363190e-02
4.816053511705685963e+00 8.322476026381776804e-02
4.866220735785953266e+00 8.064686969549483830e-02
4.916387959866220569e+00 7.820863179667622567e-02
4.966555183946488761e+00 7.595285786548160167e-02
5.016722408026756064e+00 7.391261838911418469e-02
5.066889632107023367e+00 7.210818924797139651e-02
5.117056856187290670e+00 7.054515020512631962e-02
5.167224080267558861e+00 6.921368825689648563e-02
5.217391304347826164e+00 6.808911979477912102e-02
5.267558528428093467e+00 6.713363008096114026e-02
5.317725752508361658e+00 6.629919345545921827e-02
5.367892976588628962e+00 6.553155011782739459e-02
5.418060200668896265e+00 6.477496964638022880e-02
5.468227424749164456e+00 6.397735532511932000e-02
5.518394648829431759e+00 6.309509041336820723e-02
5.568561872909699062e+00 6.209695898356908106e-02
5.618729096989966365e+00 6.096653642728475792e-02
5.668896321070234556e+00 5.970265123613687636e-02
5.719063545150501859e+00 5.831784096797638234e-02
5.769230769230769162e+00 5.683509431957242675e-02
5.819397993311037354e+00 5.528349967175513052e-02
5.869565217391304657e+00 5.369362321464816318e-02
5.919732441471571960e+00 5.209345981533317765e-02
5.969899665551839263e+00 5.050562661298192008e-02
6.020066889632107454e+00 4.894614449689042163e-02
6.070234113712374757e+00 4.742476041289859362e-02
6.120401337792642060e+00 4.594640810087125687e-02
6.170568561872910252e+00 4.451318076584236116e-02
6.220735785953177555e+00 4.312615270143286411e-02
6.270903010033444858e+00 4.178653900404091792e-02
6.321070234113712161e+00 4.049596828350451178e-02
6.371237458193980352e+00 3.925596891211538542e-02
6.421404682274247655e+00 3.806703197595414506e-02
6.471571906354514958e+00 3.692773445687245332e-02
6.521739130434783149e+00 3.583435354823496372e-02
6.571906354515050452e+00 3.478120382496082547e-02
6.622073578595317755e+00 3.376165645574856489e-02
6.672240802675585059e+00 3.276954813256906934e-02
6.722408026755853250e+00 3.180054059975389452e-02
6.772575250836120553e+00 3.085299552794955671e-02
6.822742474916387856e+00 2.992807872503265229e-02
6.872909698996656047e+00 2.902904990718654238e-02
6.923076923076923350e+00 2.815994922296343253e-02
6.973244147157190653e+00 2.732407852603120982e-02
7.023411371237457956e+00 2.652273811913370000e-02
7.073578595317726148e+00 2.575460335870374470e-02
7.123745819397993451e+00 2.501593795178603391e-02
7.173913043478260754e+00 2.430160115058609821e-02
7.224080267558528945e+00 2.360658481196437064e-02
7.274247491638796248e+00 2.292767371456641209e-02
7.324414715719063551e+00 2.226479245921546626e-02
7.374581939799330854e+00 2.162168535508271483e-02
7.424749163879599045e+00 2.100574278524038052e-02
7.474916387959866348e+00 2.042699095272420759e-02
7.525083612040133652e+00 1.989644992963416834e-02
7.575250836120401843e+00 1.942419521095606338e-02
7.625418060200669146e+00 1.901750631967781893e-02
7.675585284280936449e+00 1.867944937191890614e-02
7.725752508361204640e+00 1.840813468200000816e-02
7.775919732441471943e+00 1.819674422727960914e-02
7.826086956521739246e+00 1.803427135586373534e-02
7.876254180602006549e+00 1.790678881985811530e-02
7.926421404682274741e+00 1.779898513641570493e-02
7.976588628762542044e+00 1.769569490175585194e-02
8.026755852842809347e+00 1.758319303854269378e-02
8.076923076923076650e+00 1.745010974284540509e-02
8.127090301003343953e+00 1.728792664411616178e-02
8.177257525083613032e+00 1.709110733628911583e-02
8.227424749163880335e+00 1.685697383766097263e-02
8.277591973244147638e+00 1.658545289432180811e-02
8.327759197324414941e+00 1.627878520587852998e-02
8.377926421404682245e+00 1.594123303660870128e-02
8.428093645484949548e+00 1.557876184255606138e-02
8.478260869565216851e+00 1.519863398308910103e-02
8.528428093645485930e+00 1.480885327372974056e-02
8.578595317725753233e+00 1.441743976696892304e-02
8.628762541806020536e+00 1.403158113543485908e-02
8.678929765886287839e+00 1.365677590799281062e-02
8.729096989966555142e+00 1.329612769030828062e-02
8.779264214046822445e+00 1.294994877644721834e-02
8.829431438127089748e+00 1.261578132439783277e-02
8.879598662207358828e+00 1.228885669721318553e-02
8.929765886287626131e+00 1.196291416582492481e-02
8.979933110367893434e+00 1.163121913867352572e-02
9.030100334448160737e+00 1.128758293419700881e-02
9.080267558528428040e+00 1.092720127609859287e-02
9.130434782608695343e+00 1.054719023508497028e-02
9.180602006688962646e+00 1.014678486498305811e-02
9.230769230769231726e+00 9.727249260631322392e-03
9.280936454849499029e+00 9.291602300064627160e-03
9.331103678929766332e+00 8.844277234486391456e-03
9.381270903010033635e+00 8.390806757605933502e-03
9.431438127090300938e+00 7.937572656449471548e-03
9.481605351170568241e+00 7.491602335292175084e-03
9.531772575250835544e+00 7.060354592381920882e-03
9.581939799331104624e+00 6.651427754830692429e-03
9.632107023411371927e+00 6.272147071647846128e-03
9.682274247491639230e+00 5.929036270593247837e-03
9.732441471571906533e+00 5.627233693764638334e-03
9.782608695652173836e+00 5.369957353690957454e-03
9.832775919732441139e+00 5.158139913091742794e-03
9.882943143812708442e+00 4.990336252488738848e-03
9.933110367892977521e+00 4.862955411581201814e-03
9.983277591973244824e+00 4.770797412057701560e-03
1.003344481605351213e+01 4.707802464319228546e-03
1.008361204013377943e+01 4.667865490453846147e-03
1.013377926421404673e+01 4.645548714046358711e-03
1.018394648829431404e+01 4.636546235866128782e-03
1.023411371237458134e+01 4.637812634190709334e-03
1.028428093645485042e+01 4.647347901244357378e-03
1.033444816053511772e+01 4.663712446533233545e-03
1.038461538461538503e+01 4.685407435358420261e-03
1.043478260869565233e+01 4.710282494930669896e-03
1.048494983277591963e+01 4.735120107297203888e-03
1.053511705685618693e+01 4.755499924283540167e-03
1.058528428093645424e+01 4.765980874421311790e-03
1.063545150501672332e+01 4.760571342431644572e-03
1.068561872909699062e+01 4.733402694404469091e-03
1.073578595317725792e+01 4.679487984521079648e-03
1.078595317725752523e+01 4.595438043768989601e-03
1.083612040133779253e+01 4.480018275804907232e-03
1.088628762541805983e+01 4.334455806579575778e-03
1.093645484949832891e+01 4.162442621463625925e-03
1.098662207357859621e+01 3.969821748403958711e-03
1.103678929765886352e+01 3.763987208501723154e-03
1.108695652173913082e+01 3.553070936734836153e-03
1.113712374581939812e+01 3.345026345074779157e-03
1.118729096989966543e+01 3.146742227811913546e-03
1.123745819397993273e+01 2.963325475199187018e-03
1.128762541806020181e+01 2.797671646932742891e-03
1.133779264214046911e+01 2.650398319348130395e-03
1.138795986622073642e+01 2.520152689090873668e-03
1.143812709030100372e+01 2.404233486740511589e-03
1.148829431438127102e+01 2.299402939827114439e-03
1.153846153846153832e+01 2.202722698713240317e-03
1.158862876254180563e+01 2.112239827924355506e-03
1.163879598662207471e+01 2.027379391082682458e-03
1.168896321070234201e+01 1.948963976300569423e-03
1.173913043478260931e+01 1.878864361133106764e-03
1.178929765886287662e+01 1.819370365792506803e-03
1.183946488294314392e+01 1.772436567988970807e-03
1.188963210702341122e+01 1.738987584792660692e-03
1.193979933110367853e+01 1.718453860908158342e-03
1.198996655518394761e+01 1.708653724351963258e-03
1.204013377926421491e+01 1.706053686071414433e-03
1.209030100334448221e+01 1.706346929796435886e-03
1.214046822742474951e+01 1.705212602863501962e-03
1.219063545150501682e+01 1.699075503709413784e-03
1.224080267558528412e+01 1.685688094623458881e-03
1.229096989966555142e+01 1.664403705071381767e-03
1.234113712374582050e+01 1.636088782787963741e-03
1.239130434782608781e+01 1.602712039157927829e-03
1.244147157190635511e+01 1.566725566560610858e-03
1.249163879598662241e+01 1.530397695181665019e-03
1.254180602006688972e+01 1.495259204329637496e-03
1.259197324414715702e+01 1.461785323246823573e-03
1.264214046822742432e+01 1.429368637237640348e-03
1.269230769230769340e+01 1.396562223390116798e-03
1.274247491638796070e+01 1.361508467120047710e-03
1.279264214046822801e+01 1.322432370691881175e-03
1.284280936454849531e+01 1.278075239091293032e-03
1.289297658862876261e+01 1.227972303281009816e-03
1.294314381270902992e+01 1.172525499029597592e-03
1.299331103678929722e+01 1.112876040698235203e-03
1.304347826086956630e+01 1.050627042840934300e-03
1.309364548494983360e+01 9.874946424236867321e-04
1.314381270903010090e+01 9.249728676848068508e-04
1.319397993311036821e+01 8.640844234388082032e-04
1.324414715719063551e+01 8.052623168680590835e-04
1.329431438127090281e+01 7.483736982228115847e-04
1.334448160535117012e+01 6.928654460425552955e-04
1.339464882943143920e+01 6.379873955523520648e-04
1.344481605351170650e+01 5.830376366204384486e-04
1.349498327759197380e+01 5.275759409364922043e-04
1.354515050167224111e+01 4.715642341381155256e-04
1.359531772575250841e+01 4.154130815056386659e-04
1.364548494983277571e+01 3.599352925948193878e-04
1.369565217391304301e+01 3.062269770599613042e-04
1.374581939799331209e+01 2.555089153155392311e-04
1.379598662207357940e+01 2.089650851480453824e-04
1.384615384615384670e+01 1.676108679701692925e-04
1.389632107023411400e+01 1.322128759397682700e-04
1.394648829431438131e+01 1.032685590279985220e-04
1.399665551839464861e+01 8.103999955227036110e-05
1.404682274247491591e+01 6.562523617758049966e-05
1.409698996655518499e+01 5.704373872586214787e-05
1.414715719063545230e+01 5.531088520152985819e-05
1.419732441471571960e+01 6.047924400510010289e-05
1.424749163879598690e+01 7.263138774981263499e-05
1.429765886287625420e+01 9.181882623338451970e-05
1.434782608695652151e+01 1.179531901363262668e-04
1.439799331103678881e+01 1.506674727882486274e-04
1.444816053511705789e+01 1.891750223988593826e-04
1.449832775919732519e+01 2.321598794988491941e-04
1.454849498327759250e+01 2.777319039779040078e-04
1.459866220735785980e+01 3.234726336641829698e-04
1.464882943143812710e+01 3.665831379133068836e-04
1.469899665551839441e+01 4.041253769395316414e-04
1.474916387959866171e+01 4.333276805104936658e-04
1.479933110367893079e+01 4.519079012960438018e-04
1.484949832775919809e+01 4.583592963554626652e-04
1.489966555183946539e+01 4.521472245821585539e-04
1.494983277591973270e+01 4.337794537566367248e-04
1.500000000000000000e+01 4.047362479102087417e-04
