0.000000000000000000e+00 2.228332053619010503e-02
5.016722408026755980e-02 2.616173345593440780e-02
1.003344481605351196e-01 3.040135860669559292e-02
1.505016722408026864e-01 3.498350849072277141e-02
2.006688963210702392e-01 3.988176124780936499e-02
2.508361204013377921e-01 4.506244381812109928e-02
3.010033444816053727e-01 5.048537446606472107e-02
3.511705685618728978e-01 5.610485598591435918e-02
4.013377926421404784e-01 6.187090262665832091e-02
4.515050167224080591e-01 6.773067020270001626e-02
5.016722408026755842e-01 7.363004105540352229e-02
5.518394648829431093e-01 7.951529631457911196e-02
6.020066889632107454e-01 8.533479109568961607e-02
6.521739130434782705e-01 9.104053772295965519e-02
7.023411371237457956e-01 9.658960068837901813e-02
7.525083612040134318e-01 1.019452161415883712e-01
8.026755852842809569e-01 1.070775677225560552e-01
8.528428093645484820e-01 1.119641773436278465e-01
9.030100334448161181e-01 1.165899008642139328e-01
9.531772575250836432e-01 1.209465507468756029e-01
1.003344481605351168e+00 1.250321971125938902e-01
1.053511705685618693e+00 1.288502220048906022e-01
1.103678929765886219e+00 1.324082168283056971e-01
1.153846153846153966e+00 1.357168185438141772e-01
1.204013377926421491e+00 1.387885761252937999e-01
1.254180602006689016e+00 1.416369260066139557e-01
1.304347826086956541e+00 1.442753359022390380e-01
1.354515050167224066e+00 1.467166533601181877e-01
1.404682274247491591e+00 1.489726719420432777e-01
1.454849498327759338e+00 1.510539069650366495e-01
1.505016722408026864e+00 1.529695563297820415e-01
1.555183946488294389e+00 1.547276109667561073e-01
1.605351170568561914e+00 1.563350734546740950e-01
1.655518394648829439e+00 1.577982412296655146e-01
1.705685618729096964e+00 1.591230111179567086e-01
1.755852842809364489e+00 1.603151638310063298e-01
1.806020066889632236e+00 1.613805905882838565e-01
1.856187290969899761e+00 1.623254300641220060e-01
1.906354515050167286e+00 1.631560936848135690e-01
1.956521739130434812e+00 1.638791716564687306e-01
2.006688963210702337e+00 1.645012304981532669e-01
2.056856187290970084e+00 1.650285329378494981e-01
2.107023411371237387e+00 1.654667288592092667e-01
2.157190635451505134e+00 1.658205768256222346e-01
2.207357859531772437e+00 1.660937553910161180e-01
2.257525083612040184e+00 1.662888098377862389e-01
2.307692307692307931e+00 1.664072542519223485e-01
2.357859531772575234e+00 1.664498155099338739e-01
2.408026755852842982e+00 1.664167721280544743e-01
2.458193979933110285e+00 1.663083154333240554e-01
2.508361204013378032e+00 1.661248504249435431e-01
2.558528428093645335e+00 1.658671631054823015e-01
2.608695652173913082e+00 1.655364093749938370e-01
2.658862876254180829e+00 1.651339223891462871e-01
2.709030100334448132e+00 1.646608813649971248e-01
2.759197324414715879e+00 1.641179243226737750e-01
2.809364548494983183e+00 1.635048103440136791e-01
2.859531772575250930e+00 1.628202371965837836e-01
2.909698996655518677e+00 1.620618962633146309e-01
2.959866220735785980e+00 1.612268026767130213e-01
3.010033444816053727e+00 1.603118829631729192e-01
3.060200668896321030e+00 1.593147465233849813e-01
3.110367892976588777e+00 1.582345224070891287e-01
3.160535117056856080e+00 1.570726184067127440e-01
3.210702341137123828e+00 1.558332610649681982e-01
3.260869565217391575e+00 1.545237034032798384e-01
3.311036789297658878e+00 1.531540377185057755e-01
3.361204013377926625e+00 1.517366152253322165e-01
3.411371237458193928e+00 1.502851413689663129e-01
3.461538461538461675e+00 1.488135732659461585e-01
3.511705685618728978e+00 1.473349831569731039e-01
3.561872909698996725e+00 1.458605614583777521e-01
3.612040133779264472e+00 1.443989122582732820e-01
3.662207357859531776e+00 1.429557457398599740e-01
3.712374581939799523e+00 1.415340041416816574e-01
3.762541806020066826e+00 1.401343825572952395e-01
3.812709030100334573e+00 1.387561370075057754e-01
3.862876254180602320e+00 1.373980227735205062e-01
3.913043478260869623e+00 1.360591854363472908e-01
3.963210702341137370e+00 1.347398394970781843e-01
4.013377926421404673e+00 1.334416125126334784e-01
4.063545150501671976e+00 1.321674981254012116e-01
4.113712374581940168e+00 1.309214365608336594e-01
4.163879598662207471e+00 1.297076116200664986e-01
4.214046822742474774e+00 1.285296054308560365e-01
4.264214046822742965e+00 1.273895763918737600e-01
4.314381270903010268e+00 1.262876176338707246e-01
4.364548494983277571e+00 1.252214150957720595e-01
4.414715719063544874e+00 1.241862641331137607e-01
4.464882943143813065e+00 1.231754339071188392e-01
4.515050167224080369e+00 1.221808038911846722e-01
4.565217391304347672e+00 1.211936497479449704e-01
4.615384615384615863e+00 1.202054357151764730e-01
4.665551839464883166e+00 1.192084807668556262e-01
4.715719063545150469e+00 1.181964028437135911e-01
4.765886287625417772e+00 1.171643002325483823e-01
4.816053511705685963e+00 1.161086888083449065e-01
4.866220735785953266e+00 1.150272646898853196e-01
4.916387959866220569e+00 1.139185926915744357e-01
4.966555183946488761e+00 1.127818255859949631e-01
5.016722408026756064e+00 1.116165378597714364e-01
5.066889632107023367e+00 1.104227167529111125e-01
5.117056856187290670e+00 1.092009037499658830e-01
5.167224080267558861e+00 1.079524338154900370e-01
5.217391304347826164e+00 1.066796884922539823e-01
5.267558528428093467e+00 1.053862693788228527e-01
5.317725752508361658e+00 1.040770118213265177e-01
5.367892976588628962e+00 1.027577907817241870e-01
5.418060200668896265e+00 1.014351136666855335e-01
5.468227424749164456e+00 1.001155386028726446e-01
5.518394648829431759e+00 9.880499223362734784e-02
5.568561872909699062e+00 9.750808233736023289e-02
5.618729096989966365e+00 9.622750495755028055e-02
5.668896321070234556e+00 9.496363439783535310e-02
5.719063545150501859e+00 9.371436106754509054e-02
5.769230769230769162e+00 9.247521159634172760e-02
5.819397993311037354e+00 9.123975251960235455e-02
5.869565217391304657e+00 9.000024680303825297e-02
5.919732441471571960e+00 8.874850404388943959e-02
5.969899665551839263e+00 8.747684206132323725e-02
6.020066889632107454e+00 8.617906131141017667e-02
6.070234113712374757e+00 8.485132583921643767e-02
6.120401337792642060e+00 8.349284720778947511e-02
6.170568561872910252e+00 8.210628254936919168e-02
6.220735785953177555e+00 8.069778491795027986e-02
6.270903010033444858e+00 7.927668189343962946e-02
6.321070234113712161e+00 7.785480292133109548e-02
6.371237458193980352e+00 7.644552112016402001e-02
6.421404682274247655e+00 7.506261403265818144e-02
6.471571906354514958e+00 7.371907311185385558e-02
6.521739130434783149e+00 7.242599857827336507e-02
6.571906354515050452e+00 7.119170280715497734e-02
6.622073578595317755e+00 7.002111357663674818e-02
6.672240802675585059e+00 6.891552390854144283e-02
6.722408026755853250e+00 6.787268597535604797e-02
6.772575250836120553e+00 6.688720157466349070e-02
6.822742474916387856e+00 6.595112884835412081e-02
6.872909698996656047e+00 6.505470935089203988e-02
6.923076923076923350e+00 6.418712251931005253e-02
6.973244147157190653e+00 6.333719335423029784e-02
7.023411371237457956e+00 6.249400772886087863e-02
7.073578595317726148e+00 6.164742051282732366e-02
7.123745819397993451e+00 6.078846706404217315e-02
7.173913043478260754e+00 5.990970298502571595e-02
7.224080267558528945e+00 5.900549794217196248e-02
7.274247491638796248e+00 5.807229806664988142e-02
7.324414715719063551e+00 5.710885245552715928e-02
7.374581939799330854e+00 5.611637896214576038e-02
7.424749163879599045e+00 5.509862943367912352e-02
7.474916387959866348e+00 5.406180994120827338e-02
7.525083612040133652e+00 5.301431970083656658e-02
7.575250836120401843e+00 5.196629234763714550e-02
7.625418060200669146e+00 5.092895107868272014e-02
7.675585284280936449e+00 4.991381911839776198e-02
7.725752508361204640e+00 4.893185276161017561e-02
7.775919732441471943e+00 4.799258077536665279e-02
7.826086956521739246e+00 4.710333820207093097e-02
7.876254180602006549e+00 4.626867422364739496e-02
7.926421404682274741e+00 4.548999470867750444e-02
7.976588628762542044e+00 4.476547397254558580e-02
8.026755852842809347e+00 4.409024134884673152e-02
8.076923076923076650e+00 4.345682031055859290e-02
8.127090301003343953e+00 4.285577409614881733e-02
8.177257525083613032e+00 4.227649400216623027e-02
8.227424749163880335e+00 4.170805564727508852e-02
8.277591973244147638e+00 4.114006490769165497e-02
8.327759197324414941e+00 4.056341879869652944e-02
8.377926421404682245e+00 3.997091698569994744e-02
8.428093645484949548e+00 3.935767611634052171e-02
8.478260869565216851e+00 3.872132044307739773e-02
8.528428093645485930e+00 3.806194617085760512e-02
8.578595317725753233e+00 3.738188082822517522e-02
8.628762541806020536e+00 3.668527956962328029e-02
8.678929765886287839e+00 3.597761471507461561e-02
8.729096989966555142e+00 3.526512093620947502e-02
8.779264214046822445e+00 3.455425563194363531e-02
8.829431438127089748e+00 3.385122319239419059e-02
8.879598662207358828e+00 3.316159551847110143e-02
8.929765886287626131e+00 3.249004279998907868e-02
8.979933110367893434e+00 3.184017178004349552e-02
9.030100334448160737e+00 3.121445651227929344e-02
9.080267558528428040e+00 3.061424061104939601e-02
9.130434782608695343e+00 3.003979025285951135e-02
9.180602006688962646e+00 2.949038226517699396e-02
9.230769230769231726e+00 2.896441905494425567e-02
9.280936454849499029e+00 2.845956907733450739e-02
9.331103678929766332e+00 2.797293562230932298e-02
9.381270903010033635e+00 2.750125651000418295e-02
9.431438127090300938e+00 2.704113276755633691e-02
9.481605351170568241e+00 2.658927674624224705e-02
9.531772575250835544e+00 2.614276162036362552e-02
9.581939799331104624e+00 2.569924736097272885e-02
9.632107023411371927e+00 2.525715538574516833e-02
9.682274247491639230e+00 2.481576656529361352e-02
9.732441471571906533e+00 2.437522527347429566e-02
9.782608695652173836e+00 2.393644453809282840e-02
9.832775919732441139e+00 2.350092182977821936e-02
9.882943143812708442e+00 2.307048880420409231e-02
9.933110367892977521e+00 2.264702864795931775e-02
9.983277591973244824e+00 2.223219953194309137e-02
1.003344481605351213e+01 2.182720115718488063e-02
1.008361204013377943e+01 2.143261390071281650e-02
1.013377926421404673e+01 2.104832820978124255e-02
1.018394648829431404e+01 2.067356797859169759e-02
1.023411371237458134e+01 2.030699820890087201e-02
1.028428093645485042e+01 1.994689650556383254e-02
1.033444816053511772e+01 1.959136135123536182e-02
1.038461538461538503e+01 1.923852816829590973e-02
1.043478260869565233e+01 1.888676654586224357e-02
1.048494983277591963e+01 1.853483765304646258e-02
1.053511705685618693e+01 1.818199840772951811e-02
1.058528428093645424e+01 1.782804704854324893e-02
1.063545150501672332e+01 1.747331224282761691e-02
1.068561872909699062e+01 1.711859400571375672e-02
1.073578595317725792e+01 1.676506912732354110e-02
1.078595317725752523e+01 1.641417639051570218e-02
1.083612040133779253e+01 1.606749762112889141e-02
1.088628762541805983e+01 1.572664957277731743e-02
1.093645484949832891e+01 1.539319882989108150e-02
1.098662207357859621e+01 1.506860740543753026e-02
1.103678929765886352e+01 1.475421081220241841e-02
1.108695652173913082e+01 1.445122374181087403e-02
1.113712374581939812e+01 1.416076213167513122e-02
1.118729096989966543e+01 1.388386566635593268e-02
1.123745819397993273e+01 1.362150300037762336e-02
1.128762541806020181e+01 1.337454420005908771e-02
1.133779264214046911e+01 1.314369132905471999e-02
1.138795986622073642e+01 1.292936798260774407e-02
1.143812709030100372e+01 1.273158011667605699e-02
1.148829431438127102e+01 1.254977118319259080e-02
1.153846153846153832e+01 1.238270164009621851e-02
1.158862876254180563e+01 1.222838412199352132e-02
1.163879598662207471e+01 1.208409985604010778e-02
1.168896321070234201e+01 1.194650978375727708e-02
1.173913043478260931e+01 1.181185741520054434e-02
1.178929765886287662e+01 1.167624303989374564e-02
1.183946488294314392e+01 1.153593437794806290e-02
1.188963210702341122e+01 1.138767046388843539e-02
1.193979933110367853e+01 1.122891559738754992e-02
1.198996655518394761e+01 1.105802877266118950e-02
1.204013377926421491e+01 1.087432932786257592e-02
1.209030100334448221e+01 1.067805826458559024e-02
1.214046822742474951e+01 1.047025262883420280e-02
1.219063545150501682e+01 1.025256361562395038e-02
1.224080267558528412e+01 1.002705495595940417e-02
1.229096989966555142e+01 9.796015799659874707e-03
1.234113712374582050e+01 9.561812846004975538e-03
1.239130434782608781e+01 9.326792659820119097e-03
1.244147157190635511e+01 9.093230587076820207e-03
1.249163879598662241e+01 8.863311028260149882e-03
1.254180602006688972e+01 8.639117668470235739e-03
1.259197324414715702e+01 8.422612689530444355e-03
1.264214046822742432e+01 8.215590379990591122e-03
1.269230769230769340e+01 8.019600849213340266e-03
1.274247491638796070e+01 7.835850836975894948e-03
1.279264214046822801e+01 7.665097912025124749e-03
1.284280936454849531e+01 7.507559349679164551e-03
1.289297658862876261e+01 7.362856526028395410e-03
1.294314381270902992e+01 7.230010006693075170e-03
1.299331103678929722e+01 7.107491139510620573e-03
1.304347826086956630e+01 6.993325221311040563e-03
1.309364548494983360e+01 6.885231788391742852e-03
1.314381270903010090e+01 6.780781495704975813e-03
1.319397993311036821e+01 6.677547730504791897e-03
1.324414715719063551e+01 6.573234697798048358e-03
1.329431438127090281e+01 6.465771165635659200e-03
1.334448160535117012e+01 6.353368390229222062e-03
1.339464882943143920e+01 6.234549542171126391e-03
1.344481605351170650e+01 6.108163978009994825e-03
1.349498327759197380e+01 5.973401423097073580e-03
1.354515050167224111e+01 5.829818138286146055e-03
1.359531772575250841e+01 5.677380240179174392e-03
1.364548494983277571e+01 5.516520360467686533e-03
1.369565217391304301e+01 5.348195160094692743e-03
1.374581939799331209e+01 5.173925219891401320e-03
1.379598662207357940e+01 4.995797245564111318e-03
1.384615384615384670e+01 4.816412025038924877e-03
1.389632107023411400e+01 4.638769607524387620e-03
1.394648829431438131e+01 4.466094097233876646e-03
1.399665551839464861e+01 4.301611948001948967e-03
1.404682274247491591e+01 4.148307258294054931e-03
1.409698996655518499e+01 4.008683287532240069e-03
1.414715719063545230e+01 3.884560104894508453e-03
1.419732441471571960e+01 3.776933880035783942e-03
1.424749163879598690e+01 3.685914793263544032e-03
1.429765886287625420e+01 3.610749582782350926e-03
1.434782608695652151e+01 3.549923381792220202e-03
1.439799331103678881e+01 3.501325630404920550e-03
1.444816053511705789e+01 3.462457898879636904e-03
1.449832775919732519e+01 3.430658169315431959e-03
1.454849498327759250e+01 3.403316523671506746e-03
1.459866220735785980e+01 3.378060722989172874e-03
1.464882943143812710e+01 3.352895911293521380e-03
1.469899665551839441e+01 3.326289575498942840e-03
1.474916387959866171e+01 3.297199933662765380e-03
1.479933110367893079e+01 3.265052280797343769e-03
1.484949832775919809e+01 3.229672895320669437e-03
1.489966555183946539e+01 3.191193527922459808e-03
1.494983277591973270e+01 3.149941089144926969e-03
1.500000000000000000e+01 3.106326935966310498e-03
