0.000000000000000000e+00 1.246312647658171180e+00
5.016722408026755980e-03 1.241261946489591983e+00
1.003344481605351196e-02 1.212725732820365110e+00
1.505016722408026794e-02 1.162712208896919508e+00
2.006688963210702392e-02 1.094424906535361730e+00
2.508361204013377990e-02 1.011948797442407288e+00
3.010033444816053588e-02 9.198692369607327501e-01
3.511705685618729533e-02 8.228726761540283707e-01
4.013377926421404784e-02 7.253767083957173289e-01
4.515050167224080035e-02 6.312285245855597804e-01
5.016722408026755980e-02 5.434973606441598770e-01
5.518394648829431925e-02 4.643708692198033061e-01
6.020066889632107177e-02 3.951504243213969647e-01
6.521739130434782428e-02 3.363285244995515288e-01
7.023411371237459067e-02 2.877241201596977827e-01
7.525083612040134318e-02 2.486492196049238101e-01
8.026755852842809569e-02 2.180819560857950035e-01
8.528428093645484820e-02 1.948262140984525215e-01
9.030100334448160071e-02 1.776444368609922109e-01
9.531772575250836710e-02 1.653569615412080196e-01
1.003344481605351196e-01 1.569070685173125090e-01
1.053511705685618721e-01 1.513952399021058215e-01
1.103678929765886385e-01 1.480886933786207116e-01
1.153846153846153910e-01 1.464132322941242015e-01
1.204013377926421435e-01 1.459341919485207251e-01
1.254180602006688960e-01 1.463322093517254174e-01
1.304347826086956486e-01 1.473781212642751026e-01
1.354515050167224011e-01 1.489098362075263748e-01
1.404682274247491813e-01 1.508127485375394816e-01
1.454849498327759338e-01 1.530042748726520851e-01
1.505016722408026864e-01 1.554224170977966668e-01
1.555183946488294389e-01 1.580178579212989654e-01
1.605351170568561914e-01 1.607489133096955958e-01
1.655518394648829439e-01 1.635786343328383685e-01
1.705685618729096964e-01 1.664734102750624056e-01
1.755852842809364489e-01 1.694025306568026912e-01
1.806020066889632014e-01 1.723382860335247180e-01
1.856187290969899817e-01 1.752563080400498519e-01
1.906354515050167342e-01 1.781359580789904362e-01
1.956521739130434867e-01 1.809606655841138334e-01
2.006688963210702392e-01 1.837181869758085229e-01
2.056856187290969917e-01 1.864008020460294068e-01
2.107023411371237442e-01 1.890054835040611836e-01
2.157190635451504968e-01 1.915340680942103357e-01
2.207357859531772770e-01 1.939934283031654050e-01
2.257525083612040295e-01 1.963956010417951537e-01
2.307692307692307820e-01 1.987577868913490975e-01
2.357859531772575346e-01 2.011021055669136304e-01
2.408026755852842871e-01 2.034549938925724888e-01
2.458193979933110396e-01 2.058461699383836996e-01
2.508361204013377921e-01 2.083071602515828014e-01
2.558528428093645446e-01 2.108694849339361466e-01
2.608695652173912971e-01 2.135626966817170125e-01
2.658862876254180496e-01 2.164125485605612464e-01
2.709030100334448021e-01 2.194395959421125697e-01
2.759197324414715546e-01 2.226585039587598847e-01
2.809364548494983627e-01 2.260782305395019065e-01
2.859531772575251152e-01 2.297031014074503996e-01
2.909698996655518677e-01 2.335346174117660378e-01
2.959866220735786202e-01 2.375736754108530024e-01
3.010033444816053727e-01 2.418227802640545154e-01
3.060200668896321252e-01 2.462878053633825448e-01
3.110367892976588777e-01 2.509789320149262148e-01
3.160535117056856302e-01 2.559105514936875214e-01
3.210702341137123828e-01 2.611001159994267851e-01
3.260869565217391353e-01 2.665661325561602957e-01
3.311036789297658878e-01 2.723256626193134577e-01
3.361204013377926403e-01 2.783917850248430192e-01
3.411371237458193928e-01 2.847714837827616807e-01
3.461538461538461453e-01 2.914643385210873849e-01
3.511705685618728978e-01 2.984622457585729416e-01
3.561872909698996503e-01 3.057502168515086605e-01
3.612040133779264028e-01 3.133081196395201551e-01
3.662207357859532109e-01 3.211130866848819765e-01
3.712374581939799634e-01 3.291422242477251570e-01
3.762541806020067159e-01 3.373752310071997385e-01
3.812709030100334684e-01 3.457965710434329765e-01
3.862876254180602209e-01 3.543969306796456720e-01
3.913043478260869734e-01 3.631738078582386620e-01
3.963210702341137259e-01 3.721312184162072767e-01
4.013377926421404784e-01 3.812786382657731288e-01
4.063545150501672309e-01 3.906294167438303933e-01
4.113712374581939835e-01 4.001989778537496378e-01
4.163879598662207360e-01 4.100031586754238622e-01
4.214046822742474885e-01 4.200570085136498544e-01
4.264214046822742410e-01 4.303742869327926712e-01
4.314381270903009935e-01 4.409677627833045732e-01
4.364548494983277460e-01 4.518502502568390589e-01
4.414715719063545540e-01 4.630361521351049614e-01
4.464882943143813065e-01 4.745431496819266792e-01
4.515050167224080591e-01 4.863936154681477997e-01
4.565217391304348116e-01 4.986153515397517832e-01
4.615384615384615641e-01 5.112413748443703776e-01
4.665551839464883166e-01 5.243086674708982153e-01
4.715719063545150691e-01 5.378560433390057183e-01
4.765886287625418216e-01 5.519215034766631334e-01
4.816053511705685741e-01 5.665396031764122764e-01
4.866220735785953266e-01 5.817393898161210553e-01
4.916387959866220791e-01 5.975433660539065661e-01
4.966555183946488317e-01 6.139676973166240392e-01
5.016722408026755842e-01 6.310235574237889056e-01
5.066889632107023367e-01 6.487191631775713896e-01
5.117056856187290892e-01 6.670617741151837476e-01
5.167224080267558417e-01 6.860588086340528857e-01
5.217391304347825942e-01 7.057173071122948560e-01
5.267558528428093467e-01 7.260412671472079582e-01
5.317725752508360992e-01 7.470268440659465492e-01
5.367892976588628517e-01 7.686559619351874817e-01
5.418060200668896043e-01 7.908893960936450584e-01
5.468227424749163568e-01 8.136607430451603395e-01
5.518394648829431093e-01 8.368727879122690450e-01
5.568561872909698618e-01 8.603975646415196188e-01
5.618729096989967253e-01 8.840808958244235072e-01
5.668896321070234778e-01 9.077514779833505409e-01
5.719063545150502303e-01 9.312337743042972127e-01
5.769230769230769829e-01 9.543632425067487546e-01
5.819397993311037354e-01 9.770019042252153785e-01
5.869565217391304879e-01 9.990520590793957600e-01
5.919732441471572404e-01 1.020466107770195308e+00
5.969899665551839929e-01 1.041250953346034569e+00
6.020066889632107454e-01 1.061466215903012600e+00
6.070234113712374979e-01 1.081216396089931475e+00
6.120401337792642504e-01 1.100638008491321873e+00
6.170568561872910029e-01 1.119883433808748441e+00
6.220735785953177555e-01 1.139103693844547127e+00
6.270903010033445080e-01 1.158432466551983842e+00
6.321070234113712605e-01 1.177973415741023322e+00
6.371237458193980130e-01 1.197792352586433351e+00
6.421404682274247655e-01 1.217914962684971236e+00
6.471571906354515180e-01 1.238329945717563163e+00
6.521739130434782705e-01 1.258996563331256535e+00
6.571906354515050230e-01 1.279854909353118186e+00
6.622073578595317755e-01 1.300836816213837066e+00
6.672240802675585281e-01 1.321875263334966855e+00
6.722408026755852806e-01 1.342910474960681499e+00
6.772575250836120331e-01 1.363891544852344540e+00
6.822742474916387856e-01 1.384773304568544638e+00
6.872909698996655381e-01 1.405509116194344266e+00
6.923076923076922906e-01 1.426041149932716356e+00
6.973244147157190431e-01 1.446290335642734792e+00
7.023411371237457956e-01 1.466148423117394017e+00
7.073578595317725481e-01 1.485474378987680089e+00
7.123745819397993007e-01 1.504096700383555918e+00
7.173913043478260532e-01 1.521822234251413164e+00
7.224080267558528057e-01 1.538450926045347611e+00
7.274247491638796692e-01 1.553794794154916836e+00
7.324414715719064217e-01 1.567698549800198959e+00
7.374581939799331742e-01 1.580058826591429488e+00
7.424749163879599267e-01 1.590839041147027011e+00
7.474916387959866793e-01 1.600077469049939305e+00
7.525083612040134318e-01 1.607887084771957742e+00
7.575250836120401843e-01 1.614446901447982530e+00
7.625418060200669368e-01 1.619985742658334837e+00
7.675585284280936893e-01 1.624760380040494168e+00
7.725752508361204418e-01 1.629030625472648985e+00
7.775919732441471943e-01 1.633034201377659089e+00
7.826086956521739468e-01 1.636964040029418532e+00
7.876254180602006993e-01 1.640950168358050520e+00
7.926421404682274519e-01 1.645047648702551379e+00
7.976588628762542044e-01 1.649231307072953623e+00
8.026755852842809569e-01 1.653397303360073511e+00
8.076923076923077094e-01 1.657371051433888853e+00
8.127090301003344619e-01 1.660920598623234046e+00
8.177257525083612144e-01 1.663774299842048165e+00
8.227424749163879669e-01 1.665641427827884824e+00
8.277591973244147194e-01 1.666234208477326728e+00
8.327759197324414719e-01 1.665289644584847517e+00
8.377926421404682245e-01 1.662589411036852205e+00
8.428093645484949770e-01 1.657976116275447165e+00
8.478260869565217295e-01 1.651364385989416927e+00
8.528428093645484820e-01 1.642745580174314712e+00
8.578595317725752345e-01 1.632185513806876154e+00
8.628762541806019870e-01 1.619815276013019778e+00
8.678929765886287395e-01 1.605816046083172965e+00
8.729096989966554920e-01 1.590399565969027762e+00
8.779264214046822445e-01 1.573786517245599592e+00
8.829431438127091081e-01 1.556185354415771771e+00
8.879598662207358606e-01 1.537774099148920826e+00
8.929765886287626131e-01 1.518687195570461945e+00
8.979933110367893656e-01 1.499008822367397187e+00
9.030100334448161181e-01 1.478773162949702735e+00
9.080267558528428706e-01 1.457971191105015274e+00
9.130434782608696231e-01 1.436562682196758534e+00
9.180602006688963757e-01 1.414491533737171736e+00
9.230769230769231282e-01 1.391702157695380970e+00
9.280936454849498807e-01 1.368154721104655192e+00
9.331103678929766332e-01 1.343837337882624938e+00
9.381270903010033857e-01 1.318773882727945601e+00
9.431438127090301382e-01 1.293026804176905964e+00
9.481605351170568907e-01 1.266695041053410353e+00
9.531772575250836432e-01 1.239907782956354065e+00
9.581939799331103957e-01 1.212815273150024131e+00
9.632107023411371483e-01 1.185578080171373561e+00
9.682274247491639008e-01 1.158356254899732818e+00
9.732441471571906533e-01 1.131299576600094170e+00
9.782608695652174058e-01 1.104539740566052197e+00
9.832775919732441583e-01 1.078184934088314062e+00
9.882943143812709108e-01 1.052316867653181109e+00
9.933110367892976633e-01 1.026990037176701120e+00
9.983277591973244158e-01 1.002232823405547091e+00
1.003344481605351168e+00 9.780499855050051039e-01
1.008361204013378032e+00 9.544261479362744494e-01
1.013377926421404673e+00 9.313299669816132997e-01
1.018394648829431537e+00 9.087187481939218436e-01
1.023411371237458178e+00 8.865433335266147408e-01
1.028428093645485042e+00 8.647530731236892088e-01
1.033444816053511683e+00 8.433006507103242289e-01
1.038461538461538547e+00 8.221464694715244770e-01
1.043478260869565188e+00 8.012622603728637438e-01
1.048494983277592052e+00 7.806335756161139061e-01
1.053511705685618693e+00 7.602608914175956745e-01
1.058528428093645557e+00 7.401591642938396554e-01
1.063545150501672198e+00 7.203558458520671337e-01
1.068561872909699062e+00 7.008875356805939205e-01
1.073578595317725703e+00 6.817956118209500538e-01
1.078595317725752567e+00 6.631213002238967036e-01
1.083612040133779209e+00 6.449007141731764037e-01
1.088628762541806072e+00 6.271604065540717921e-01
1.093645484949832714e+00 6.099139332963879889e-01
1.098662207357859577e+00 5.931598301701443976e-01
1.103678929765886219e+00 5.768812639500464634e-01
1.108695652173913082e+00 5.610474414365589357e-01
1.113712374581939724e+00 5.456166586673402152e-01
1.118729096989966587e+00 5.305406669816250531e-01
1.123745819397993451e+00 5.157698484368006264e-01
1.128762541806020092e+00 5.012585608066553178e-01
1.133779264214046956e+00 4.869699609063999901e-01
1.138795986622073597e+00 4.728796638604832459e-01
1.143812709030100461e+00 4.589777481140184801e-01
1.148829431438127102e+00 4.452688537276308089e-01
1.153846153846153966e+00 4.317704074104389833e-01
1.158862876254180607e+00 4.185092914629507943e-01
1.163879598662207471e+00 4.055175027366791363e-01
1.168896321070234112e+00 3.928274791378232877e-01
1.173913043478260976e+00 3.804677822532272491e-01
1.178929765886287617e+00 3.684597175576170280e-01
1.183946488294314481e+00 3.568152745882848809e-01
1.188963210702341122e+00 3.455365218767616486e-01
1.193979933110367986e+00 3.346163454198253229e-01
1.198996655518394627e+00 3.240402205097948629e-01
1.204013377926421491e+00 3.137885864005852121e-01
1.209030100334448132e+00 3.038393641474330109e-01
1.214046822742474996e+00 2.941702133855400025e-01
1.219063545150501637e+00 2.847602418851243322e-01
1.224080267558528501e+00 2.755910318129706771e-01
1.229096989966555142e+00 2.666469966519101065e-01
1.234113712374582006e+00 2.579152053699997338e-01
1.239130434782608647e+00 2.493848873505599140e-01
1.244147157190635511e+00 2.410468552361439698e-01
1.249163879598662152e+00 2.328930561283598655e-01
1.254180602006689016e+00 2.249163960146116636e-01
1.259197324414715657e+00 2.171108950134296445e-01
1.264214046822742521e+00 2.094721413886641292e-01
1.269230769230769162e+00 2.019979382653002420e-01
1.274247491638796026e+00 1.946889919687681547e-01
1.279264214046822667e+00 1.875494813026596375e-01
1.284280936454849531e+00 1.805873712717797064e-01
1.289297658862876395e+00 1.738143838719598822e-01
1.294314381270903036e+00 1.672455989216665162e-01
1.299331103678929900e+00 1.608987146943590407e-01
1.304347826086956541e+00 1.547930393333991905e-01
1.309364548494983405e+00 1.489483035591898374e-01
1.314381270903010046e+00 1.433833839393554022e-01
1.319397993311036910e+00 1.381150109400166581e-01
1.324414715719063551e+00 1.331565171944297243e-01
1.329431438127090415e+00 1.285166683681487343e-01
1.334448160535117056e+00 1.241986171795724653e-01
1.339464882943143920e+00 1.201990303845950347e-01
1.344481605351170561e+00 1.165074533810172286e-01
1.349498327759197425e+00 1.131059890010834013e-01
1.354515050167224066e+00 1.099693676729346925e-01
1.359531772575250930e+00 1.070654702450903467e-01
1.364548494983277571e+00 1.043563320895683350e-01
1.369565217391304435e+00 1.017996122137187903e-01
1.374581939799331076e+00 9.935046185117604733e-02
1.379598662207357940e+00 9.696368195474325269e-02
1.384615384615384581e+00 9.459602511747608466e-02
1.389632107023411445e+00 9.220847850746721752e-02
1.394648829431438086e+00 8.976836088586723217e-02
1.399665551839464950e+00 8.725107674860108076e-02
1.404682274247491591e+00 8.464139124080075072e-02
1.409698996655518455e+00 8.193411833667081645e-02
1.414715719063545096e+00 7.913415057964362509e-02
1.419732441471571960e+00 7.625580108559212866e-02
1.424749163879598601e+00 7.332147721439252752e-02
1.429765886287625465e+00 7.035975893142422388e-02
1.434782608695652106e+00 6.740301013456913293e-02
1.439799331103678970e+00 6.448470276450127270e-02
1.444816053511705611e+00 6.163667449566859885e-02
1.449832775919732475e+00 5.888656403083437213e-02
1.454849498327759338e+00 5.625566739703415781e-02
1.459866220735785980e+00 5.375743052833622387e-02
1.464882943143812843e+00 5.139673767177139335e-02
1.469899665551839485e+00 4.917007564016614984e-02
1.474916387959866348e+00 4.706655852763162035e-02
1.479933110367892990e+00 4.506969744197240890e-02
1.484949832775919853e+00 4.315970847742001820e-02
1.489966555183946495e+00 4.131608326392274821e-02
1.494983277591973359e+00 3.952011177411938331e-02
1.500000000000000000e+00 3.775705413209730354e-02
