0.000000000000000000e+00 1.354646373669209959e-02
5.016722408026755980e-02 1.428227321981481029e-02
1.003344481605351196e-01 1.504229078955555271e-02
1.505016722408026864e-01 1.582638983044584030e-02
2.006688963210702392e-01 1.663439345590478693e-02
2.508361204013377921e-01 1.746607456409127179e-02
3.010033444816053727e-01 1.832115609959874061e-02
3.511705685618728978e-01 1.919931151716652157e-02
4.013377926421404784e-01 2.010016544218980877e-02
4.515050167224080591e-01 2.102329452153595124e-02
5.016722408026755842e-01 2.196822845692178450e-02
5.518394648829431093e-01 2.293445121194893910e-02
6.020066889632107454e-01 2.392140238277516706e-02
6.521739130434782705e-01 2.492847872138429649e-02
7.023411371237457956e-01 2.595503579945662373e-02
7.525083612040134318e-01 2.700038979993966623e-02
8.026755852842809569e-01 2.806381942264140825e-02
8.528428093645484820e-01 2.914456788940402582e-02
9.030100334448161181e-01 3.024184503382094588e-02
9.531772575250836432e-01 3.135482945985967884e-02
1.003344481605351168e+00 3.248267075333781395e-02
1.053511705685618693e+00 3.362449172982640011e-02
1.103678929765886219e+00 3.477939070234524477e-02
1.153846153846153966e+00 3.594644375209408299e-02
1.204013377926421491e+00 3.712470698552609860e-02
1.254180602006689016e+00 3.831321876122784770e-02
1.304347826086956541e+00 3.951100187047098394e-02
1.354515050167224066e+00 4.071706565580827247e-02
1.404682274247491591e+00 4.193040805282978456e-02
1.454849498327759338e+00 4.315001754115541793e-02
1.505016722408026864e+00 4.437487499183468548e-02
1.555183946488294389e+00 4.560395539974261558e-02
1.605351170568561914e+00 4.683622949113035172e-02
1.655518394648829439e+00 4.807066519825323875e-02
1.705685618729096964e+00 4.930622899507829116e-02
1.755852842809364489e+00 5.054188709021300435e-02
1.806020066889632236e+00 5.177660647562321722e-02
1.856187290969899761e+00 5.300935583223537889e-02
1.906354515050167286e+00 5.423910629619917850e-02
1.956521739130434812e+00 5.546483209229566280e-02
2.006688963210702337e+00 5.668551104384476208e-02
2.056856187290970084e+00 5.790012497120760465e-02
2.107023411371237387e+00 5.910765999380412916e-02
2.157190635451505134e+00 6.030710675310991392e-02
2.207357859531772437e+00 6.149746057675109512e-02
2.257525083612040184e+00 6.267772160591530972e-02
2.307692307692307931e+00 6.384689491045174303e-02
2.357859531772575234e+00 6.500399061761863440e-02
2.408026755852842982e+00 6.614802408175977921e-02
2.458193979933110285e+00 6.727801612304956658e-02
2.508361204013378032e+00 6.839299336380784411e-02
2.558528428093645335e+00 6.949198869076934904e-02
2.608695652173913082e+00 7.057404187101470883e-02
2.658862876254180829e+00 7.163820034802000081e-02
2.709030100334448132e+00 7.268352024244398302e-02
2.759197324414715879e+00 7.370906757998227365e-02
2.809364548494983183e+00 7.471391976551007563e-02
2.859531772575250930e+00 7.569716731944434174e-02
2.909698996655518677e+00 7.665791588812254087e-02
2.959866220735785980e+00 7.759528853566581563e-02
3.010033444816053727e+00 7.850842831993676274e-02
3.060200668896321030e+00 7.939650115006779973e-02
3.110367892976588777e+00 8.025869891764189634e-02
3.160535117056856080e+00 8.109424288809292947e-02
3.210702341137123828e+00 8.190238733321576758e-02
3.260869565217391575e+00 8.268242338015430182e-02
3.311036789297658878e+00 8.343368304677496738e-02
3.361204013377926625e+00 8.415554342802517018e-02
3.411371237458193928e+00 8.484743099309004222e-02
3.461538461538461675e+00 8.550882594863461195e-02
3.511705685618728978e+00 8.613926661941212481e-02
3.561872909698996725e+00 8.673835379429335746e-02
3.612040133779264472e+00 8.730575498294119996e-02
3.662207357859531776e+00 8.784120852656612799e-02
3.712374581939799523e+00 8.834452750493808348e-02
3.762541806020066826e+00 8.881560338165317425e-02
3.812709030100334573e+00 8.925440933012035449e-02
3.862876254180602320e+00 8.966100318425816729e-02
3.913043478260869623e+00 9.003552996021411958e-02
3.963210702341137370e+00 9.037822389855609817e-02
4.013377926421404673e+00 9.068940998048548308e-02
4.063545150501671976e+00 9.096950487638665039e-02
4.113712374581940168e+00 9.121901729053770447e-02
4.163879598662207471e+00 9.143854767203350720e-02
4.214046822742474774e+00 9.162878726868116386e-02
4.264214046822742965e+00 9.179051650785743921e-02
4.314381270903010268e+00 9.192460269590585487e-02
4.364548494983277571e+00 9.203199703549234945e-02
4.414715719063544874e+00 9.211373096836711349e-02
4.464882943143813065e+00 9.217091185891909677e-02
4.515050167224080369e+00 9.220471804200441879e-02
4.565217391304347672e+00 9.221639326608090104e-02
4.615384615384615863e+00 9.220724057027335219e-02
4.665551839464883166e+00 9.217861564090473747e-02
4.715719063545150469e+00 9.213191969954113991e-02
4.765886287625417772e+00 9.206859198045029558e-02
4.816053511705685963e+00 9.199010186058760585e-02
4.866220735785953266e+00 9.189794070955568939e-02
4.916387959866220569e+00 9.179361353066663176e-02
4.966555183946488761e+00 9.167863046677102168e-02
5.016722408026756064e+00 9.155449824651359925e-02
5.066889632107023367e+00 9.142271164732850008e-02
5.117056856187290670e+00 9.128474505156193575e-02
5.167224080267558861e+00 9.114204417100450761e-02
5.217391304347826164e+00 9.099601801322299011e-02
5.267558528428093467e+00 9.084803116028340730e-02
5.317725752508361658e+00 9.069939642677594949e-02
5.367892976588628962e+00 9.055136795963811269e-02
5.418060200668896265e+00 9.040513483711884457e-02
5.468227424749164456e+00 9.026181521842308042e-02
5.518394648829431759e+00 9.012245108917413261e-02
5.568561872909699062e+00 8.998800364100287275e-02
5.618729096989966365e+00 8.985934931631572864e-02
5.668896321070234556e+00 8.973727654171885504e-02
5.719063545150501859e+00 8.962248316587084762e-02
5.769230769230769162e+00 8.951557460965618718e-02
5.819397993311037354e+00 8.941706272871716155e-02
5.869565217391304657e+00 8.932736538066431142e-02
5.919732441471571960e+00 8.924680668172278730e-02
5.969899665551839263e+00 8.917561793025478856e-02
6.020066889632107454e+00 8.911393916776293167e-02
6.070234113712374757e+00 8.906182134157086816e-02
6.120401337792642060e+00 8.901922902737040288e-02
6.170568561872910252e+00 8.898604366472036287e-02
6.220735785953177555e+00 8.896206725384810110e-02
6.270903010033444858e+00 8.894702645830747378e-02
6.321070234113712161e+00 8.894057705498645272e-02
6.371237458193980352e+00 8.894230867066720003e-02
6.421404682274247655e+00 8.895174974295262660e-02
6.471571906354514958e+00 8.896837264288708080e-02
6.521739130434783149e+00 8.899159889686690528e-02
6.571906354515050452e+00 8.902080444678316107e-02
6.622073578595317755e+00 8.905532488927493662e-02
6.672240802675585059e+00 8.909446063805240290e-02
6.722408026755853250e+00 8.913748195681618636e-02
6.772575250836120553e+00 8.918363381488289554e-02
6.822742474916387856e+00 8.923214052263628293e-02
6.872909698996656047e+00 8.928221010979668637e-02
6.923076923076923350e+00 8.933303841562856284e-02
6.973244147157190653e+00 8.938381286700987360e-02
7.023411371237457956e+00 8.943371592714778606e-02
7.073578595317726148e+00 8.948192820511274848e-02
7.123745819397993451e+00 8.952763122342879964e-02
7.173913043478260754e+00 8.957000984840593483e-02
7.224080267558528945e+00 8.960825439481551191e-02
7.274247491638796248e+00 8.964156242340462488e-02
7.324414715719063551e+00 8.966914025599083404e-02
7.374581939799330854e+00 8.969020423873777514e-02
7.424749163879599045e+00 8.970398178927381505e-02
7.474916387959866348e+00 8.970971226770167728e-02
7.525083612040133652e+00 8.970664771491697331e-02
7.575250836120401843e+00 8.969405350419451528e-02
7.625418060200669146e+00 8.967120895342611808e-02
7.675585284280936449e+00 8.963740794564882541e-02
7.725752508361204640e+00 8.959195960485387411e-02
7.775919732441471943e+00 8.953418907202574661e-02
7.826086956521739246e+00 8.946343842338036478e-02
7.876254180602006549e+00 8.937906776863643876e-02
7.926421404682274741e+00 8.928045656196990920e-02
7.976588628762542044e+00 8.916700515224568191e-02
8.026755852842809347e+00 8.903813659214923626e-02
8.076923076923076650e+00 8.889329871826556762e-02
8.127090301003343953e+00 8.873196650587766854e-02
8.177257525083613032e+00 8.855364469375062719e-02
8.227424749163880335e+00 8.835787066532141409e-02
8.277591973244147638e+00 8.814421756389739793e-02
8.327759197324414941e+00 8.791229761083216299e-02
8.377926421404682245e+00 8.766176558739303959e-02
8.428093645484949548e+00 8.739232243321355675e-02
8.478260869565216851e+00 8.710371890742590884e-02
8.528428093645485930e+00 8.679575925244853440e-02
8.578595317725753233e+00 8.646830479550378368e-02
8.628762541806020536e+00 8.612127741930396263e-02
8.678929765886287839e+00 8.575466283099875131e-02
8.729096989966555142e+00 8.536851355763379334e-02
8.779264214046822445e+00 8.496295159706974964e-02
8.829431438127089748e+00 8.453817065544728948e-02
8.879598662207358828e+00 8.409443790614203051e-02
8.929765886287626131e+00 8.363209521028745763e-02
8.979933110367893434e+00 8.315155974580051845e-02
9.030100334448160737e+00 8.265332399970320987e-02
9.080267558528428040e+00 8.213795508782188726e-02
9.130434782608695343e+00 8.160609337619276205e-02
9.180602006688962646e+00 8.105845038945747039e-02
9.230769230769231726e+00 8.049580600327092827e-02
9.280936454849499029e+00 7.991900492974936265e-02
9.331103678929766332e+00 7.932895251709115580e-02
9.381270903010033635e+00 7.872660989665204723e-02
9.431438127090300938e+00 7.811298852226829237e-02
9.481605351170568241e+00 7.748914415780196185e-02
9.531772575250835544e+00 7.685617037893059666e-02
9.581939799331104624e+00 7.621519166438742166e-02
9.632107023411371927e+00 7.556735615961042429e-02
9.682274247491639230e+00 7.491382820212383331e-02
9.732441471571906533e+00 7.425578070275451470e-02
9.782608695652173836e+00 7.359438747977958828e-02
9.832775919732441139e+00 7.293081564443149034e-02
9.882943143812708442e+00 7.226621813557723706e-02
9.933110367892977521e+00 7.160172649906260123e-02
9.983277591973244824e+00 7.093844400309941289e-02
1.003344481605351213e+01 7.027743917518602945e-02
1.008361204013377943e+01 6.961973983878841366e-02
1.013377926421404673e+01 6.896632771908574322e-02
1.018394648829431404e+01 6.831813367714964502e-02
1.023411371237458134e+01 6.767603362079499529e-02
1.028428093645485042e+01 6.704084512850849720e-02
1.033444816053511772e+01 6.641332481040918001e-02
1.038461538461538503e+01 6.579416641748252192e-02
1.043478260869565233e+01 6.518399969750832135e-02
1.048494983277591963e+01 6.458338998354620775e-02
1.053511705685618693e+01 6.399283848874272318e-02
1.058528428093645424e+01 6.341278326969411461e-02
1.063545150501672332e+01 6.284360081022749567e-02
1.068561872909699062e+01 6.228560816788657195e-02
1.073578595317725792e+01 6.173906561743675026e-02
1.078595317725752523e+01 6.120417971888349185e-02
1.083612040133779253e+01 6.068110673236249558e-02
1.088628762541805983e+01 6.016995629880760033e-02
1.093645484949832891e+01 5.967079530320025527e-02
1.098662207357859621e+01 5.918365183725274314e-02
1.103678929765886352e+01 5.870851917948478188e-02
1.108695652173913082e+01 5.824535971398142609e-02
1.113712374581939812e+01 5.779410871326925297e-02
1.118729096989966543e+01 5.735467791690974926e-02
1.123745819397993273e+01 5.692695884427612790e-02
1.128762541806020181e+01 5.651082578825528113e-02
1.133779264214046911e+01 5.610613844560239510e-02
1.138795986622073642e+01 5.571274414934329622e-02
1.143812709030100372e+01 5.533047967887854551e-02
1.148829431438127102e+01 5.495917263379254680e-02
1.153846153846153832e+01 5.459864236790370334e-02
1.158862876254180563e+01 5.424870049036580738e-02
1.163879598662207471e+01 5.390915095061512424e-02
1.168896321070234201e+01 5.357978973327615080e-02
1.173913043478260931e+01 5.326040419789205421e-02
1.178929765886287662e+01 5.295077210598127249e-02
1.183946488294314392e+01 5.265066038478841831e-02
1.188963210702341122e+01 5.235982368256413000e-02
1.193979933110367853e+01 5.207800277467176248e-02
1.198996655518394761e+01 5.180492288282865371e-02
1.204013377926421491e+01 5.154029197152610459e-02
1.209030100334448221e+01 5.128379908612177435e-02
1.214046822742474951e+01 5.103511279605466716e-02
1.219063545150501682e+01 5.079387980452805540e-02
1.224080267558528412e+01 5.055972378245700977e-02
1.229096989966555142e+01 5.033224447990395506e-02
1.234113712374582050e+01 5.011101716260797645e-02
1.239130434782608781e+01 4.989559241463532163e-02
1.244147157190635511e+01 4.968549634080506039e-02
1.249163879598662241e+01 4.948023119464091402e-02
1.254180602006688972e+01 4.927927644905041871e-02
1.259197324414715702e+01 4.908209031823872193e-02
1.264214046822742432e+01 4.888811173039173813e-02
1.269230769230769340e+01 4.869676274174230407e-02
1.274247491638796070e+01 4.850745137395197359e-02
1.279264214046822801e+01 4.831957484827641841e-02
1.284280936454849531e+01 4.813252318209271241e-02
1.289297658862876261e+01 4.794568310607060652e-02
1.294314381270902992e+01 4.775844225366043805e-02
1.299331103678929722e+01 4.757019356891607764e-02
1.304347826086956630e+01 4.738033987386246204e-02
1.309364548494983360e+01 4.718829853285895493e-02
1.314381270903010090e+01 4.699350614878303189e-02
1.319397993311036821e+01 4.679542322419971007e-02
1.324414715719063551e+01 4.659353872032320071e-02
1.329431438127090281e+01 4.638737444721090231e-02
1.334448160535117012e+01 4.617648922038956188e-02
1.339464882943143920e+01 4.596048272202927359e-02
1.344481605351170650e+01 4.573899900850318667e-02
1.349498327759197380e+01 4.551172961106545595e-02
1.354515050167224111e+01 4.527841618189894224e-02
1.359531772575250841e+01 4.503885264418224649e-02
1.364548494983277571e+01 4.479288681178271447e-02
1.369565217391304301e+01 4.454042145167504824e-02
1.374581939799331209e+01 4.428141477008318977e-02
1.379598662207357940e+01 4.401588031139934409e-02
1.384615384615384670e+01 4.374388626726694040e-02
1.389632107023411400e+01 4.346555420138031173e-02
1.394648829431438131e+01 4.318105720368574374e-02
1.399665551839464861e+01 4.289061749550680813e-02
1.404682274247491591e+01 4.259450351454199812e-02
1.409698996655518499e+01 4.229302651572810351e-02
1.414715719063545230e+01 4.198653673026321587e-02
1.419732441471571960e+01 4.167541913087827177e-02
1.424749163879598690e+01 4.136008885639438221e-02
1.429765886287625420e+01 4.104098635277490803e-02
1.434782608695652151e+01 4.071857229120940530e-02
1.439799331103678881e+01 4.039332232621545976e-02
1.444816053511705789e+01 4.006572175827484428e-02
1.449832775919732519e+01 3.973626016615761786e-02
1.454849498327759250e+01 3.940542607381550266e-02
1.459866220735785980e+01 3.907370171560339833e-02
1.464882943143812710e+01 3.874155796162603166e-02
1.469899665551839441e+01 3.840944946215416045e-02
1.474916387959866171e+01 3.807781006666978441e-02
1.479933110367893079e+01 3.774704856878383780e-02
1.484949832775919809e+01 3.741754482356333955e-02
1.489966555183946539e+01 3.708964627842760431e-02
1.494983277591973270e+01 3.676366495303479837e-02
1.500000000000000000e+01 3.643987489742899627e-02
