0.000000000000000000e+00 3.856796852916664214e-02
5.016722408026755980e-02 4.625069849831573571e-02
1.003344481605351196e-01 5.467893789552716322e-02
1.505016722408026864e-01 6.377857978830935026e-02
2.006688963210702392e-01 7.345596268842971566e-02
2.508361204013377921e-01 8.360308887608365602e-02
3.010033444816053727e-01 9.410371425411491464e-02
3.511705685618728978e-01 1.048396734293218502e-01
4.013377926421404784e-01 1.156967109584910447e-01
4.515050167224080591e-01 1.265690804527412339e-01
5.016722408026755842e-01 1.373622821447313402e-01
5.518394648829431093e-01 1.479935567135140240e-01
6.020066889632107454e-01 1.583901274575831575e-01
6.521739130434782705e-01 1.684856313700350550e-01
7.023411371237457956e-01 1.782156104351013681e-01
7.525083612040134318e-01 1.875132358084141138e-01
8.026755852842809569e-01 1.963065095424370299e-01
8.528428093645484820e-01 2.045179774843317588e-01
9.030100334448161181e-01 2.120675099403435127e-01
9.531772575250836432e-01 2.188780551510262629e-01
1.003344481605351168e+00 2.248835898891498319e-01
1.053511705685618693e+00 2.300379411837264743e-01
1.103678929765886219e+00 2.343228619592609419e-01
1.153846153846153966e+00 2.377537738426483138e-01
1.204013377926421491e+00 2.403819258933830028e-01
1.254180602006689016e+00 2.422922749252271191e-01
1.304347826086956541e+00 2.435970515951204063e-01
1.354515050167224066e+00 2.444256169696605863e-01
1.404682274247491591e+00 2.449117454001430716e-01
1.454849498327759338e+00 2.451798388076318336e-01
1.505016722408026864e+00 2.453317650310165021e-01
1.555183946488294389e+00 2.454360153383887966e-01
1.605351170568561914e+00 2.455206920655609582e-01
1.655518394648829439e+00 2.455714632967420652e-01
1.705685618729096964e+00 2.455350621328146743e-01
1.755852842809364489e+00 2.453281943718156055e-01
1.806020066889632236e+00 2.448509241789710578e-01
1.856187290969899761e+00 2.440028523557445927e-01
1.906354515050167286e+00 2.426998350099206225e-01
1.956521739130434812e+00 2.408887543128828412e-01
2.006688963210702337e+00 2.385580401622538760e-01
2.056856187290970084e+00 2.357422580801130096e-01
2.107023411371237387e+00 2.325200298234188501e-01
2.157190635451505134e+00 2.290056586588859466e-01
2.207357859531772437e+00 2.253358676924619164e-01
2.257525083612040184e+00 2.216538175623325446e-01
2.307692307692307931e+00 2.180929067847187097e-01
2.357859531772575234e+00 2.147627314463317061e-01
2.408026755852842982e+00 2.117390509609701210e-01
2.458193979933110285e+00 2.090588114453509339e-01
2.508361204013378032e+00 2.067203921344312745e-01
2.558528428093645335e+00 2.046884296026684480e-01
2.608695652173913082e+00 2.029019654666417982e-01
2.658862876254180829e+00 2.012843265406442095e-01
2.709030100334448132e+00 1.997530990250587779e-01
2.759197324414715879e+00 1.982287739219451006e-01
2.809364548494983183e+00 1.966410622237424188e-01
2.859531772575250930e+00 1.949324263027480131e-01
2.909698996655518677e+00 1.930589535314404248e-01
2.959866220735785980e+00 1.909892064848120186e-01
3.010033444816053727e+00 1.887020230096386475e-01
3.060200668896321030e+00 1.861843353347959751e-01
3.110367892976588777e+00 1.834299030972236511e-01
3.160535117056856080e+00 1.804394460998355598e-01
3.210702341137123828e+00 1.772221180833122300e-01
3.260869565217391575e+00 1.737977270795096063e-01
3.311036789297658878e+00 1.701987338191453536e-01
3.361204013377926625e+00 1.664709638298128569e-01
3.411371237458193928e+00 1.626721938058925954e-01
3.461538461538461675e+00 1.588682693607060270e-01
3.511705685618728978e+00 1.551270490624264420e-01
3.561872909698996725e+00 1.515110738192871065e-01
3.612040133779264472e+00 1.480702631325565011e-01
3.662207357859531776e+00 1.448360285709296147e-01
3.712374581939799523e+00 1.418179459759471572e-01
3.762541806020066826e+00 1.390036096495255169e-01
3.812709030100334573e+00 1.363616417908070921e-01
3.862876254180602320e+00 1.338472142439327550e-01
3.913043478260869623e+00 1.314090036409739926e-01
3.963210702341137370e+00 1.289963346506350361e-01
4.013377926421404673e+00 1.265653822120115235e-01
4.063545150501671976e+00 1.240836419983049749e-01
4.113712374581940168e+00 1.215323281375995379e-01
4.163879598662207471e+00 1.189067919680512619e-01
4.214046822742474774e+00 1.162153695505154238e-01
4.264214046822742965e+00 1.134772014294200548e-01
4.314381270903010268e+00 1.107195283812739961e-01
4.364548494983277571e+00 1.079748072110869178e-01
4.414715719063544874e+00 1.052777965708193431e-01
4.464882943143813065e+00 1.026626186817088532e-01
4.515050167224080369e+00 1.001597633147414679e-01
4.565217391304347672e+00 9.779307333587340667e-02
4.615384615384615863e+00 9.557689826929904875e-02
4.665551839464883166e+00 9.351375599062664024e-02
4.715719063545150469e+00 9.159293208816862708e-02
4.765886287625417772e+00 8.979042357877820013e-02
4.816053511705685963e+00 8.807048896482985723e-02
4.866220735785953266e+00 8.638882977777997962e-02
4.916387959866220569e+00 8.469715584253352525e-02
4.966555183946488761e+00 8.294863971841147376e-02
5.016722408026756064e+00 8.110359467074375328e-02
5.066889632107023367e+00 7.913464139917793239e-02
5.117056856187290670e+00 7.703066464058952456e-02
5.167224080267558861e+00 7.479898914985033676e-02
5.217391304347826164e+00 7.246540673431234314e-02
5.267558528428093467e+00 7.007194249494003158e-02
5.317725752508361658e+00 6.767253790031933780e-02
5.367892976588628962e+00 6.532712232450622880e-02
5.418060200668896265e+00 6.309480324194310930e-02
5.468227424749164456e+00 6.102707903004440243e-02
5.518394648829431759e+00 5.916201936027243313e-02
5.568561872909699062e+00 5.752023686573147498e-02
5.618729096989966365e+00 5.610319494893005465e-02
5.668896321070234556e+00 5.489400665321546302e-02
5.719063545150501859e+00 5.386045956121214562e-02
5.769230769230769162e+00 5.295964671517103262e-02
5.819397993311037354e+00 5.214337426610903686e-02
5.869565217391304657e+00 5.136349383804043184e-02
5.919732441471571960e+00 5.057645961596058531e-02
5.969899665551839263e+00 4.974667741218524036e-02
6.020066889632107454e+00 4.884850957939635557e-02
6.070234113712374757e+00 4.786704313090323071e-02
6.120401337792642060e+00 4.679786651716253548e-02
6.170568561872910252e+00 4.564612516026415878e-02
6.220735785953177555e+00 4.442506992269637522e-02
6.270903010033444858e+00 4.315423156194194559e-02
6.321070234113712161e+00 4.185730064694564989e-02
6.371237458193980352e+00 4.055979502244189128e-02
6.421404682274247655e+00 3.928665075568985032e-02
6.471571906354514958e+00 3.805994449403761470e-02
6.521739130434783149e+00 3.689700105350864068e-02
6.571906354515050452e+00 3.580912510779554053e-02
6.622073578595317755e+00 3.480111033687649513e-02
6.672240802675585059e+00 3.387154289318099198e-02
6.722408026755853250e+00 3.301376933871471436e-02
6.772575250836120553e+00 3.221728791333011710e-02
6.822742474916387856e+00 3.146927891612927297e-02
6.872909698996656047e+00 3.075602329538478646e-02
6.923076923076923350e+00 3.006405006387755791e-02
6.973244147157190653e+00 2.938096667107081839e-02
7.023411371237457956e+00 2.869602219668635976e-02
7.073578595317726148e+00 2.800050247311456839e-02
7.123745819397993451e+00 2.728805057619288973e-02
7.173913043478260754e+00 2.655495822581399601e-02
7.224080267558528945e+00 2.580041016945412713e-02
7.274247491638796248e+00 2.502661365862430404e-02
7.324414715719063551e+00 2.423872900753141699e-02
7.374581939799330854e+00 2.344454001047824310e-02
7.424749163879599045e+00 2.265385450678716189e-02
7.474916387959866348e+00 2.187768592463640652e-02
7.525083612040133652e+00 2.112731544941337872e-02
7.575250836120401843e+00 2.041335724386300274e-02
7.625418060200669146e+00 1.974494190050323297e-02
7.675585284280936449e+00 1.912910174889878578e-02
7.725752508361204640e+00 1.857039731192691029e-02
7.775919732441471943e+00 1.807077956256265133e-02
7.826086956521739246e+00 1.762964729474503223e-02
7.876254180602006549e+00 1.724403817095151656e-02
7.926421404682274741e+00 1.690888728671971486e-02
7.976588628762542044e+00 1.661729731649404587e-02
8.026755852842809347e+00 1.636078677720682190e-02
8.076923076923076650e+00 1.612951332754614109e-02
8.127090301003343953e+00 1.591250083241804378e-02
8.177257525083613032e+00 1.569792361891768698e-02
8.227424749163880335e+00 1.547350987332016085e-02
8.277591973244147638e+00 1.522711194628843974e-02
8.327759197324414941e+00 1.494745388055368149e-02
8.377926421404682245e+00 1.462501320962213310e-02
8.428093645484949548e+00 1.425293961256123877e-02
8.478260869565216851e+00 1.382787495489969098e-02
8.528428093645485930e+00 1.335053196494058458e-02
8.578595317725753233e+00 1.282591757962081580e-02
8.628762541806020536e+00 1.226314526751198092e-02
8.678929765886287839e+00 1.167485173946470299e-02
8.729096989966555142e+00 1.107629660665656289e-02
8.779264214046822445e+00 1.048426164338440124e-02
8.829431438127089748e+00 9.915872332324207269e-03
8.879598662207358828e+00 9.387443564760690126e-03
8.929765886287626131e+00 8.913418315135758843e-03
8.979933110367893434e+00 8.505439897573336891e-03
9.030100334448160737e+00 8.171586963630152883e-03
9.080267558528428040e+00 7.915807293480471227e-03
9.130434782608695343e+00 7.737602469367112559e-03
9.180602006688962646e+00 7.632025183661321141e-03
9.230769230769231726e+00 7.590039753111489651e-03
9.280936454849499029e+00 7.599258026219774843e-03
9.331103678929766332e+00 7.645002761401481495e-03
9.381270903010033635e+00 7.711584823264274087e-03
9.431438127090300938e+00 7.783630220142940051e-03
9.481605351170568241e+00 7.847276121017836628e-03
9.531772575250835544e+00 7.891079575078565125e-03
9.581939799331104624e+00 7.906543376336044177e-03
9.632107023411371927e+00 7.888243239904273174e-03
9.682274247491639230e+00 7.833616176822613686e-03
9.732441471571906533e+00 7.742520799728321024e-03
9.782608695652173836e+00 7.616694653917649438e-03
9.832775919732441139e+00 7.459212800374964009e-03
9.882943143812708442e+00 7.274008692950392589e-03
9.933110367892977521e+00 7.065472024301137216e-03
9.983277591973244824e+00 6.838106504241754299e-03
1.003344481605351213e+01 6.596223370196831540e-03
1.008361204013377943e+01 6.343662490201189448e-03
1.013377926421404673e+01 6.083560943038799837e-03
1.018394648829431404e+01 5.818212883903025982e-03
1.023411371237458134e+01 5.549070285719034934e-03
1.028428093645485042e+01 5.276915525905586518e-03
1.033444816053511772e+01 5.002197774833367500e-03
1.038461538461538503e+01 4.725478412662356513e-03
1.043478260869565233e+01 4.447892720265545288e-03
1.048494983277591963e+01 4.171519952920602070e-03
1.053511705685618693e+01 3.899568246454235883e-03
1.058528428093645424e+01 3.636321545437686854e-03
1.063545150501672332e+01 3.386851295206898173e-03
1.068561872909699062e+01 3.156549931542567723e-03
1.073578595317725792e+01 2.950580970910807871e-03
1.078595317725752523e+01 2.773352040049511646e-03
1.083612040133779253e+01 2.628101039276264841e-03
1.088628762541805983e+01 2.516648596254078031e-03
1.093645484949832891e+01 2.439324488897689786e-03
1.098662207357859621e+01 2.395035761474058941e-03
1.103678929765886352e+01 2.381420920294827302e-03
1.108695652173913082e+01 2.395032836840824565e-03
1.113712374581939812e+01 2.431510449675180780e-03
1.118729096989966543e+01 2.485727554058085511e-03
1.123745819397993273e+01 2.551934415000634178e-03
1.128762541806020181e+01 2.623924191609749903e-03
1.133779264214046911e+01 2.695255404565645874e-03
1.138795986622073642e+01 2.759544642088565536e-03
1.143812709030100372e+01 2.810817200499274478e-03
1.148829431438127102e+01 2.843877635210357267e-03
1.153846153846153832e+01 2.854647015033962443e-03
1.158862876254180563e+01 2.840414629244853145e-03
1.163879598662207471e+01 2.799968424258715734e-03
1.168896321070234201e+01 2.733594241406811856e-03
1.173913043478260931e+01 2.642959646166430539e-03
1.178929765886287662e+01 2.530915230111380372e-03
1.183946488294314392e+01 2.401250326453758729e-03
1.188963210702341122e+01 2.258432337483640313e-03
1.193979933110367853e+01 2.107345212572463589e-03
1.198996655518394761e+01 1.953030639501837466e-03
1.204013377926421491e+01 1.800430991305939678e-03
1.209030100334448221e+01 1.654137406933717377e-03
1.214046822742474951e+01 1.518156196615749179e-03
1.219063545150501682e+01 1.395715738603071779e-03
1.224080267558528412e+01 1.289138119153407196e-03
1.229096989966555142e+01 1.199792179446865226e-03
1.234113712374582050e+01 1.128129275815350011e-03
1.239130434782608781e+01 1.073785702179790068e-03
1.244147157190635511e+01 1.035723353500637078e-03
1.249163879598662241e+01 1.012377821028949323e-03
1.254180602006688972e+01 1.001791421493549838e-03
1.259197324414715702e+01 1.001723784009762646e-03
1.264214046822742432e+01 1.009747787794112572e-03
1.269230769230769340e+01 1.023347193301360350e-03
1.274247491638796070e+01 1.040030532650514355e-03
1.279264214046822801e+01 1.057464511522055112e-03
1.284280936454849531e+01 1.073614226346690384e-03
1.289297658862876261e+01 1.086863885900055332e-03
1.294314381270902992e+01 1.096086682277354210e-03
1.299331103678929722e+01 1.100639073856025290e-03
1.304347826086956630e+01 1.100271819729442850e-03
1.309364548494983360e+01 1.094972591520305006e-03
1.314381270903010090e+01 1.084775757577861183e-03
1.319397993311036821e+01 1.069587183076869301e-03
1.324414715719063551e+01 1.049071343549715096e-03
1.329431438127090281e+01 1.022634291059626617e-03
1.334448160535117012e+01 9.895125698854384359e-04
1.339464882943143920e+01 9.489514147822323935e-04
1.344481605351170650e+01 9.004327471482247462e-04
1.349498327759197380e+01 8.439006463691452404e-04
1.354515050167224111e+01 7.799322153140506595e-04
1.359531772575250841e+01 7.098144839458332949e-04
1.364548494983277571e+01 6.355092777110363808e-04
1.369565217391304301e+01 5.595118947071621484e-04
1.374581939799331209e+01 4.846298986787878375e-04
1.379598662207357940e+01 4.137208226677515375e-04
1.384615384615384670e+01 3.494302458713654429e-04
1.389632107023411400e+01 2.939655801856379583e-04
1.394648829431438131e+01 2.489291876871777042e-04
1.399665551839464861e+01 2.152212532833067138e-04
1.404682274247491591e+01 1.930117691410922459e-04
1.409698996655518499e+01 1.817741007331328520e-04
1.414715719063545230e+01 1.803699772423801649e-04
1.419732441471571960e+01 1.871758117087221921e-04
1.424749163879598690e+01 2.002406909351573891e-04
1.429765886287625420e+01 2.174652448338419675e-04
1.434782608695652151e+01 2.367872825526984911e-04
1.439799331103678881e+01 2.563556186394933597e-04
1.444816053511705789e+01 2.746702735779860279e-04
1.449832775919732519e+01 2.906679196184580854e-04
1.454849498327759250e+01 3.037378426706197477e-04
1.459866220735785980e+01 3.136656664002714177e-04
1.464882943143812710e+01 3.205172385998969822e-04
1.469899665551839441e+01 3.244893108265583018e-04
1.474916387959866171e+01 3.257624521948590882e-04
1.479933110367893079e+01 3.243917414885326748e-04
1.484949832775919809e+01 3.202614066633911825e-04
1.489966555183946539e+01 3.131129385372931231e-04
1.494983277591973270e+01 3.026369032933382474e-04
1.500000000000000000e+01 2.886022567775528330e-04
