0.000000000000000000e+00 1.284960336285449235e-02
5.016722408026755980e-03 1.243398036172674130e-02
1.003344481605351196e-02 1.126048840091178199e-02
1.505016722408026794e-02 9.566459177115555976e-03
2.006688963210702392e-02 7.668987013608533944e-03
2.508361204013377990e-02 5.884446737682554572e-03
3.010033444816053588e-02 4.463307631533591606e-03
3.511705685618729533e-02 3.557588818546741222e-03
4.013377926421404784e-02 3.221559413767117065e-03
4.515050167224080035e-02 3.434332598788496227e-03
5.016722408026755980e-02 4.129954575218804796e-03
5.518394648829431925e-02 5.224084494388187005e-03
6.020066889632107177e-02 6.631340040162836923e-03
6.521739130434782428e-02 8.270790132677363973e-03
7.023411371237459067e-02 1.005954421850976943e-02
7.525083612040134318e-02 1.189803248686716573e-02
8.026755852842809569e-02 1.365546820329850350e-02
8.528428093645484820e-02 1.516695454582834592e-02
9.030100334448160071e-02 1.625084629206512490e-02
9.531772575250836710e-02 1.674576502705344208e-02
1.003344481605351196e-01 1.655558414778213194e-02
1.053511705685618721e-01 1.568452545934692285e-02
1.103678929765886385e-01 1.424727742242231851e-02
1.153846153846153910e-01 1.244907115173045885e-02
1.204013377926421435e-01 1.054209506294684351e-02
1.254180602006688960e-01 8.771944896908454026e-03
1.304347826086956486e-01 7.329081429410934205e-03
1.354515050167224011e-01 6.317059956485003916e-03
1.404682274247491813e-01 5.744041808229503367e-03
1.454849498327759338e-01 5.538090303692009761e-03
1.505016722408026864e-01 5.580398525238254234e-03
1.555183946488294389e-01 5.745023939252186587e-03
1.605351170568561914e-01 5.931413480678916772e-03
1.655518394648829439e-01 6.079329236697162374e-03
1.705685618729096964e-01 6.164353694578297675e-03
1.755852842809364489e-01 6.181843641939323113e-03
1.806020066889632014e-01 6.132206326603419945e-03
1.856187290969899817e-01 6.017267548944651642e-03
1.906354515050167342e-01 5.848175422391547681e-03
1.956521739130434867e-01 5.656067668610405622e-03
2.006688963210702392e-01 5.494034383969779653e-03
2.056856187290969917e-01 5.424570974675980636e-03
2.107023411371237442e-01 5.496673677468657225e-03
2.157190635451504968e-01 5.724034039232011109e-03
2.207357859531772770e-01 6.075636037598025098e-03
2.257525083612040295e-01 6.483051632780661294e-03
2.307692307692307820e-01 6.860056289795647341e-03
2.357859531772575346e-01 7.125548821777694282e-03
2.408026755852842871e-01 7.222243908275913400e-03
2.458193979933110396e-01 7.128589907941434989e-03
2.508361204013377921e-01 6.865141575309096321e-03
2.558528428093645446e-01 6.496422991098556483e-03
2.608695652173912971e-01 6.126410157669607073e-03
2.658862876254180496e-01 5.883959163501885879e-03
2.709030100334448021e-01 5.896643732911475456e-03
2.759197324414715546e-01 6.256965368242691297e-03
2.809364548494983627e-01 6.990334524493062654e-03
2.859531772575251152e-01 8.036075210008319925e-03
2.909698996655518677e-01 9.249784133692262600e-03
2.959866220735786202e-01 1.042910729495209222e-02
3.010033444816053727e-01 1.135794620682034975e-02
3.060200668896321252e-01 1.185839378867539588e-02
3.110367892976588777e-01 1.183658085024241573e-02
3.160535117056856302e-01 1.130896672567490054e-02
3.210702341137123828e-01 1.040014645887522675e-02
3.260869565217391353e-01 9.311748764021739871e-03
3.311036789297658878e-01 8.272197680895073194e-03
3.361204013377926403e-01 7.484708928426951277e-03
3.411371237458193928e-01 7.091466363813529045e-03
3.461538461538461453e-01 7.163874897324539956e-03
3.511705685618728978e-01 7.715296807055998379e-03
3.561872909698996503e-01 8.720917658766294892e-03
3.612040133779264028e-01 1.012677886413870972e-02
3.662207357859532109e-01 1.183938171292027268e-02
3.712374581939799634e-01 1.370395149547070680e-02
3.762541806020067159e-01 1.549297151162783506e-02
3.812709030100334684e-01 1.692687195220386395e-02
3.862876254180602209e-01 1.773330379062620227e-02
3.913043478260869734e-01 1.772826968925880764e-02
3.963210702341137259e-01 1.688569284893538802e-02
4.013377926421404784e-01 1.536282505022783067e-02
4.063545150501672309e-01 1.346754482489650843e-02
4.113712374581939835e-01 1.157941841396511670e-02
4.163879598662207360e-01 1.005496428233281989e-02
4.214046822742474885e-01 9.149884016624797514e-03
4.264214046822742410e-01 8.978320210408379659e-03
4.314381270903009935e-01 9.510764846310486645e-03
4.364548494983277460e-01 1.059880487502784865e-02
4.414715719063545540e-01 1.201222379587232360e-02
4.464882943143813065e-01 1.348025630138912148e-02
4.515050167224080591e-01 1.473672421766915840e-02
4.565217391304348116e-01 1.557095574805929424e-02
4.615384615384615641e-01 1.588061953535549464e-02
4.665551839464883166e-01 1.571364676072955699e-02
4.715719063545150691e-01 1.528244013221510128e-02
4.765886287625418216e-01 1.493966384524947864e-02
4.816053511705685741e-01 1.511875475433129175e-02
4.866220735785953266e-01 1.625584606984114763e-02
4.916387959866220791e-01 1.871560961121302921e-02
4.966555183946488317e-01 2.274009995706356702e-02
5.016722408026755842e-01 2.843115890180047262e-02
5.066889632107023367e-01 3.576812644272961417e-02
5.117056856187290892e-01 4.465495165160169450e-02
5.167224080267558417e-01 5.498342283424576676e-02
5.217391304347825942e-01 6.669321022469104632e-02
5.267558528428093467e-01 7.980928437704044864e-02
5.317725752508360992e-01 9.444667256385665122e-02
5.367892976588628517e-01 1.107879902138105277e-01
5.418060200668896043e-01 1.290501263335001592e-01
5.468227424749163568e-01 1.494538255647472058e-01
5.518394648829431093e-01 1.721964329746681899e-01
5.568561872909698618e-01 1.974186272275820775e-01
5.618729096989967253e-01 2.251646311642286347e-01
5.668896321070234778e-01 2.553595133277411500e-01
5.719063545150502303e-01 2.878447288809095062e-01
5.769230769230769829e-01 3.224992463388725583e-01
5.819397993311037354e-01 3.594250416762227451e-01
5.869565217391304879e-01 3.991199669077116208e-01
5.919732441471572404e-01 4.425400784962039147e-01
5.969899665551839929e-01 4.909919532637878614e-01
6.020066889632107454e-01 5.458781829487558968e-01
6.070234113712374979e-01 6.083981251931205314e-01
6.120401337792642504e-01 6.793317853846512211e-01
6.170568561872910029e-01 7.589895239123111148e-01
6.220735785953177555e-01 8.473186912518645419e-01
6.270903010033445080e-01 9.440716596421229179e-01
6.321070234113712605e-01 1.048907020731899564e+00
6.371237458193980130e-01 1.161338313378313503e+00
6.421404682274247655e-01 1.280545189769491277e+00
6.471571906354515180e-01 1.405169584802913096e+00
6.521739130434782705e-01 1.533270607849040568e+00
6.571906354515050230e-01 1.662562474738645157e+00
6.622073578595317755e-01 1.790916807879388895e+00
6.672240802675585281e-01 1.916941571527593702e+00
6.722408026755852806e-01 2.040353503156972614e+00
6.772575250836120331e-01 2.161912539803227506e+00
6.822742474916387856e-01 2.282878785456066151e+00
6.872909698996655381e-01 2.404190509511060281e+00
6.923076923076922906e-01 2.525714557003271299e+00
6.973244147157190431e-01 2.645901315981516788e+00
7.023411371237457956e-01 2.761995902574736039e+00
7.073578595317725481e-01 2.870714505115426807e+00
7.123745819397993007e-01 2.969112767843240963e+00
7.173913043478260532e-01 3.055327173735104207e+00
7.224080267558528057e-01 3.128956836290425869e+00
7.274247491638796692e-01 3.191008412472420730e+00
7.324414715719064217e-01 3.243474503964908440e+00
7.374581939799331742e-01 3.288706155831039091e+00
7.424749163879599267e-01 3.328763346777096732e+00
7.474916387959866793e-01 3.364903318520639619e+00
7.525083612040134318e-01 3.397321335152469146e+00
7.575250836120401843e-01 3.425205011018819690e+00
7.625418060200669368e-01 3.447097325860211114e+00
7.675585284280936893e-01 3.461478414667293890e+00
7.725752508361204418e-01 3.467387185290419005e+00
7.775919732441471943e-01 3.464854879843225266e+00
7.826086956521739468e-01 3.454962730455044095e+00
7.876254180602006993e-01 3.439475470596288886e+00
7.926421404682274519e-01 3.420189280088306916e+00
7.976588628762542044e-01 3.398272423931916641e+00
8.026755852842809569e-01 3.373889217910446270e+00
8.076923076923077094e-01 3.346267861200303173e+00
8.127090301003344619e-01 3.314160944703986367e+00
8.177257525083612144e-01 3.276458742764927656e+00
8.227424749163879669e-01 3.232645314360907296e+00
8.277591973244147194e-01 3.182875194555798259e+00
8.327759197324414719e-01 3.127654198400213303e+00
8.377926421404682245e-01 3.067326378007658061e+00
8.428093645484949770e-01 3.001680783392055574e+00
8.478260869565217295e-01 2.929929689206183241e+00
8.528428093645484820e-01 2.851104776354381531e+00
8.578595317725752345e-01 2.764684033975232769e+00
8.628762541806019870e-01 2.671131734401927194e+00
8.678929765886287395e-01 2.572077080791362214e+00
8.729096989966554920e-01 2.470043550525604648e+00
8.779264214046822445e-01 2.367862096138468875e+00
8.829431438127091081e-01 2.268037415870296947e+00
8.879598662207358606e-01 2.172323985424287507e+00
8.929765886287626131e-01 2.081630327337208541e+00
8.979933110367893656e-01 1.996194243830229809e+00
9.030100334448161181e-01 1.915856409582366471e+00
9.080267558528428706e-01 1.840257734826505231e+00
9.130434782608696231e-01 1.768881938378461083e+00
9.180602006688963757e-01 1.700992000955118710e+00
9.230769230769231282e-01 1.635590812934667904e+00
9.280936454849498807e-01 1.571527306338359242e+00
9.331103678929766332e-01 1.507778391256509254e+00
9.381270903010033857e-01 1.443819579126751407e+00
9.431438127090301382e-01 1.379922195220982362e+00
9.481605351170568907e-01 1.317223552343981474e+00
9.531772575250836432e-01 1.257499309083642158e+00
9.581939799331103957e-01 1.202678356852540542e+00
9.632107023411371483e-01 1.154231966481896077e+00
9.682274247491639008e-01 1.112616105235544328e+00
9.732441471571906533e-01 1.076945192648610439e+00
9.782608695652174058e-01 1.045027317453188553e+00
9.832775919732441583e-01 1.013795080714599006e+00
9.882943143812709108e-01 9.800379759924494616e-01
9.933110367892976633e-01 9.412244666743107002e-01
9.983277591973244158e-01 8.961510665574945467e-01
1.003344481605351168e+00 8.452059666608835453e-01
1.008361204013378032e+00 7.901713107813114201e-01
1.013377926421404673e+00 7.336531756233710677e-01
1.018394648829431537e+00 6.783528804458189843e-01
1.023411371237458178e+00 6.264308657705585093e-01
1.028428093645485042e+00 5.791560219696026968e-01
1.033444816053511683e+00 5.369059511230276360e-01
1.038461538461538547e+00 4.994398707186362696e-01
1.043478260869565188e+00 4.662670514261492705e-01
1.048494983277592052e+00 4.369244502585405421e-01
1.053511705685618693e+00 4.110599165192697635e-01
1.058528428093645557e+00 3.883449574412128902e-01
1.063545150501672198e+00 3.683403624898524131e-01
1.068561872909699062e+00 3.504528916005281158e-01
1.073578595317725703e+00 3.340474246455116258e-01
1.078595317725752567e+00 3.186658815557628088e-01
1.083612040133779209e+00 3.042230460502708955e-01
1.088628762541806072e+00 2.910490402653619912e-01
1.093645484949832714e+00 2.797271887401659440e-01
1.098662207357859577e+00 2.707865437903403949e-01
1.103678929765886219e+00 2.643869862333541598e-01
1.108695652173913082e+00 2.601399391442400510e-01
1.113712374581939724e+00 2.571411959595344965e-01
1.118729096989966587e+00 2.541943439026707607e-01
1.123745819397993451e+00 2.501258509175758871e-01
1.128762541806020092e+00 2.440701000834286094e-01
1.133779264214046956e+00 2.356349631395572020e-01
1.138795986622073597e+00 2.249190674680892343e-01
1.143812709030100461e+00 2.124072856316693292e-01
1.148829431438127102e+00 1.988006658370140289e-01
1.153846153846153966e+00 1.848397253418541109e-01
1.158862876254180607e+00 1.711660831043337327e-01
1.163879598662207471e+00 1.582470717367906454e-01
1.168896321070234112e+00 1.463660174930962177e-01
1.173913043478260976e+00 1.356598581296689088e-01
1.178929765886287617e+00 1.261713350469008954e-01
1.183946488294314481e+00 1.178832890527136967e-01
1.188963210702341122e+00 1.107207572514144200e-01
1.193979933110367986e+00 1.045339972001743806e-01
1.198996655518394627e+00 9.909442806433436945e-02
1.204013377926421491e+00 9.413103811446996150e-02
1.209030100334448132e+00 8.940791843403189665e-02
1.214046822742474996e+00 8.481204111822318592e-02
1.219063545150501637e+00 8.040659774660093018e-02
1.224080267558528501e+00 7.641941854549154367e-02
1.229096989966555142e+00 7.316872960530487746e-02
1.234113712374582006e+00 7.095809005008903159e-02
1.239130434782608647e+00 6.998118277071389837e-02
1.244147157190635511e+00 7.026364579788174636e-02
1.249163879598662152e+00 7.164667996258169969e-02
1.254180602006689016e+00 7.380216164307498716e-02
1.259197324414715657e+00 7.626860676841276665e-02
1.264214046822742521e+00 7.850598999197204442e-02
1.269230769230769162e+00 7.997316625484889030e-02
1.274247491638796026e+00 8.022623003579845702e-02
1.279264214046822667e+00 7.902117929794470752e-02
1.284280936454849531e+00 7.638977736382254746e-02
1.289297658862876395e+00 7.265499628472806004e-02
1.294314381270903036e+00 6.836708797091581302e-02
1.299331103678929900e+00 6.416854230077317922e-02
1.304347826086956541e+00 6.062397109917477822e-02
1.309364548494983405e+00 5.806664876218055327e-02
1.314381270903010046e+00 5.651030493038641106e-02
1.319397993311036910e+00 5.565455764411467859e-02
1.324414715719063551e+00 5.498313461985284561e-02
1.329431438127090415e+00 5.392558751137093570e-02
1.334448160535117056e+00 5.203370710759487594e-02
1.339464882943143920e+00 4.911851241971511295e-02
1.344481605351170561e+00 4.530455944002322044e-02
1.349498327759197425e+00 4.098354609270026677e-02
1.354515050167224066e+00 3.668212177763628679e-02
1.359531772575250930e+00 3.288866974670540122e-02
1.364548494983277571e+00 2.989913807311954039e-02
1.369565217391304435e+00 2.773561306773232940e-02
1.374581939799331076e+00 2.616445096442565968e-02
1.379598662207357940e+00 2.480339688207588295e-02
1.384615384615384581e+00 2.327424192125445226e-02
1.389632107023411445e+00 2.134269399282822527e-02
1.394648829431438086e+00 1.899590904072938000e-02
1.399665551839464950e+00 1.643555633500536420e-02
1.404682274247491591e+00 1.399734516422901712e-02
1.409698996655518455e+00 1.203238307701063117e-02
1.414715719063545096e+00 1.079325677071536066e-02
1.419732441471571960e+00 1.035906514255015808e-02
1.424749163879598601e+00 1.061613744046755077e-02
1.429765886287625465e+00 1.129319731508070419e-02
1.434782608695652106e+00 1.203626321776414543e-02
1.439799331103678970e+00 1.250069953118587707e-02
1.444816053511705611e+00 1.243519078940827013e-02
1.449832775919732475e+00 1.173532103385377910e-02
1.454849498327759338e+00 1.045347791962526751e-02
1.459866220735785980e+00 8.765602660070641317e-03
1.464882943143812843e+00 6.909373474407954664e-03
1.469899665551839485e+00 5.116801388647809930e-03
1.474916387959866348e+00 3.563173745181840053e-03
1.479933110367892990e+00 2.344828647043131070e-03
1.484949832775919853e+00 1.485576500880452953e-03
1.489966555183946495e+00 9.617261693876568828e-04
1.494983277591973359e+00 7.320388750465335647e-04
1.500000000000000000e+00 7.611645167760269651e-04
