0.000000000000000000e+00 1.382404638239975898e-02
5.016722408026755980e-02 1.537496983500262482e-02
1.003344481605351196e-01 1.702804041160889750e-02
1.505016722408026864e-01 1.878196749196921547e-02
2.006688963210702392e-01 2.063472283638308896e-02
2.508361204013377921e-01 2.258357200652978333e-02
3.010033444816053727e-01 2.462511450559995776e-02
3.511705685618728978e-01 2.675533028647919878e-02
4.013377926421404784e-01 2.896963030473962211e-02
4.515050167224080591e-01 3.126290900487237179e-02
5.016722408026755842e-01 3.362959699895704674e-02
5.518394648829431093e-01 3.606371268920164491e-02
6.020066889632107454e-01 3.855891214823944230e-02
6.521739130434782705e-01 4.110853714606384907e-02
7.023411371237457956e-01 4.370566173989387515e-02
7.525083612040134318e-01 4.634313826734302172e-02
8.026755852842809569e-01 4.901364385794042960e-02
8.528428093645484820e-01 5.170972867107091753e-02
9.030100334448161181e-01 5.442386696774974275e-02
9.531772575250836432e-01 5.714851183432083370e-02
1.003344481605351168e+00 5.987615392668942105e-02
1.053511705685618693e+00 6.259938403624462633e-02
1.103678929765886219e+00 6.531095865370876996e-02
1.153846153846153966e+00 6.800386708793522417e-02
1.204013377926421491e+00 7.067139815341053066e-02
1.254180602006689016e+00 7.330720403292710630e-02
1.304347826086956541e+00 7.590535870310896605e-02
1.354515050167224066e+00 7.846040831144579508e-02
1.404682274247491591e+00 8.096741112886768343e-02
1.454849498327759338e+00 8.342196515931502021e-02
1.505016722408026864e+00 8.582022213660961407e-02
1.555183946488294389e+00 8.815888742580335613e-02
1.605351170568561914e+00 9.043520620409328803e-02
1.655518394648829439e+00 9.264693715186952949e-02
1.705685618729096964e+00 9.479231565601463350e-02
1.755852842809364489e+00 9.687000914916291117e-02
1.806020066889632236e+00 9.887906761661451049e-02
1.856187290969899761e+00 1.008188724612549547e-01
1.906354515050167286e+00 1.026890868062969309e-01
1.956521739130434812e+00 1.044896099453014732e-01
2.006688963210702337e+00 1.062205380507437597e-01
2.056856187290970084e+00 1.078821324802782672e-01
2.107023411371237387e+00 1.094747961455457136e-01
2.157190635451505134e+00 1.109990575141386049e-01
2.207357859531772437e+00 1.124555609852646576e-01
2.257525083612040184e+00 1.138450616953673028e-01
2.307692307692307931e+00 1.151684223371307186e-01
2.357859531772575234e+00 1.164266093635871330e-01
2.408026755852842982e+00 1.176206860217616501e-01
2.458193979933110285e+00 1.187518000138573920e-01
2.508361204013378032e+00 1.198211641912848846e-01
2.558528428093645335e+00 1.208300294889641108e-01
2.608695652173913082e+00 1.217796502357379740e-01
2.658862876254180829e+00 1.226712429401601856e-01
2.709030100334448132e+00 1.235059405606155208e-01
2.759197324414715879e+00 1.242847450362930817e-01
2.809364548494983183e+00 1.250084814061483418e-01
2.859531772575250930e+00 1.256777571219318823e-01
2.909698996655518677e+00 1.262929301370936397e-01
2.959866220735785980e+00 1.268540890243141650e-01
3.010033444816053727e+00 1.273610477651120898e-01
3.060200668896321030e+00 1.278133570148954901e-01
3.110367892976588777e+00 1.282103326462528670e-01
3.160535117056856080e+00 1.285511012946633225e-01
3.210702341137123828e+00 1.288346615593845834e-01
3.260869565217391575e+00 1.290599585325843401e-01
3.311036789297658878e+00 1.292259685111353251e-01
3.361204013377926625e+00 1.293317901412998905e-01
3.411371237458193928e+00 1.293767378879664420e-01
3.461538461538461675e+00 1.293604336146409461e-01
3.511705685618728978e+00 1.292828921939189746e-01
3.561872909698996725e+00 1.291445974077743142e-01
3.612040133779264472e+00 1.289465648969440881e-01
3.662207357859531776e+00 1.286903895263410702e-01
3.712374581939799523e+00 1.283782751956827894e-01
3.762541806020066826e+00 1.280130457956125400e-01
3.812709030100334573e+00 1.275981366521657667e-01
3.862876254180602320e+00 1.271375663937644451e-01
3.913043478260869623e+00 1.266358897067602352e-01
3.963210702341137370e+00 1.260981319178782201e-01
4.013377926421404673e+00 1.255297067708623926e-01
4.063545150501671976e+00 1.249363191623191066e-01
4.113712374581940168e+00 1.243238549867125703e-01
4.163879598662207471e+00 1.236982606230371540e-01
4.214046822742474774e+00 1.230654149778945966e-01
4.264214046822742965e+00 1.224309973732239376e-01
4.314381270903010268e+00 1.218003549128133800e-01
4.364548494983277571e+00 1.211783732509757877e-01
4.414715719063544874e+00 1.205693548848113528e-01
4.464882943143813065e+00 1.199769091611428279e-01
4.515050167224080369e+00 1.194038580991011733e-01
4.565217391304347672e+00 1.188521618518812023e-01
4.615384615384615863e+00 1.183228671568558876e-01
4.665551839464883166e+00 1.178160814511353544e-01
4.715719063545150469e+00 1.173309744818219480e-01
4.765886287625417772e+00 1.168658082487451511e-01
4.816053511705685963e+00 1.164179950297470900e-01
4.866220735785953266e+00 1.159841821133457268e-01
4.916387959866220569e+00 1.155603607606223715e-01
4.966555183946488761e+00 1.151419958993597364e-01
5.016722408026756064e+00 1.147241721756852573e-01
5.066889632107023367e+00 1.143017512988380446e-01
5.117056856187290670e+00 1.138695351477976153e-01
5.167224080267558861e+00 1.134224288875440023e-01
5.217391304347826164e+00 1.129555983731414387e-01
5.267558528428093467e+00 1.124646163978618718e-01
5.317725752508361658e+00 1.119455928479779899e-01
5.367892976588628962e+00 1.113952845340047543e-01
5.418060200668896265e+00 1.108111813436954557e-01
5.468227424749164456e+00 1.101915663611737067e-01
5.518394648829431759e+00 1.095355486795619310e-01
5.568561872909699062e+00 1.088430687529858831e-01
5.618729096989966365e+00 1.081148772400565422e-01
5.668896321070234556e+00 1.073524893406339054e-01
5.719063545150501859e+00 1.065581175704470585e-01
5.769230769230769162e+00 1.057345867142033963e-01
5.819397993311037354e+00 1.048852353043062818e-01
5.869565217391304657e+00 1.040138083574576738e-01
5.919732441471571960e+00 1.031243462400628086e-01
5.969899665551839263e+00 1.022210744124830151e-01
6.020066889632107454e+00 1.013082984229105032e-01
6.070234113712374757e+00 1.003903079016971456e-01
6.120401337792642060e+00 9.947129247894069548e-02
6.170568561872910252e+00 9.855527156372044517e-02
6.220735785953177555e+00 9.764603884658169808e-02
6.270903010033444858e+00 9.674712129102393254e-02
6.321070234113712161e+00 9.586175134741331538e-02
6.371237458193980352e+00 9.499285023080508705e-02
6.421404682274247655e+00 9.414301942384249722e-02
6.471571906354514958e+00 9.331453715523065073e-02
6.521739130434783149e+00 9.250935649826401430e-02
6.571906354515050452e+00 9.172910194564201647e-02
6.622073578595317755e+00 9.097506183246556466e-02
6.672240802675585059e+00 9.024817475805145539e-02
6.722408026755853250e+00 8.954900913633317971e-02
6.772575250836120553e+00 8.887773610231855526e-02
6.822742474916387856e+00 8.823409712276086836e-02
6.872909698996656047e+00 8.761736870903681640e-02
6.923076923076923350e+00 8.702632751130967570e-02
6.973244147157190653e+00 8.645921970969759618e-02
7.023411371237457956e+00 8.591373894425723134e-02
7.073578595317726148e+00 8.538701700805582939e-02
7.123745819397993451e+00 8.487563115406564218e-02
7.173913043478260754e+00 8.437563115711037287e-02
7.224080267558528945e+00 8.388258827084671410e-02
7.274247491638796248e+00 8.339166699403709193e-02
7.324414715719063551e+00 8.289771919518651444e-02
7.374581939799330854e+00 8.239539873361459432e-02
7.424749163879599045e+00 8.187929335599719582e-02
7.474916387959866348e+00 8.134406943374651588e-02
7.525083612040133652e+00 8.078462411983107494e-02
7.575250836120401843e+00 8.019623880951826100e-02
7.625418060200669146e+00 7.957472743339870369e-02
7.675585284280936449e+00 7.891657311420141596e-02
7.725752508361204640e+00 7.821904708127223882e-02
7.775919732441471943e+00 7.748030443337322604e-02
7.826086956521739246e+00 7.669945232854218087e-02
7.876254180602006549e+00 7.587658740099646748e-02
7.926421404682274741e+00 7.501280058608865431e-02
7.976588628762542044e+00 7.411014900003519423e-02
8.026755852842809347e+00 7.317159599202190112e-02
8.076923076923076650e+00 7.220092188430421443e-02
8.127090301003343953e+00 7.120260917522108768e-02
8.177257525083613032e+00 7.018170703853242320e-02
8.227424749163880335e+00 6.914368076576829503e-02
8.277591973244147638e+00 6.809425233179754178e-02
8.327759197324414941e+00 6.703923850098780779e-02
8.377926421404682245e+00 6.598439282666804240e-02
8.428093645484949548e+00 6.493525754032268560e-02
8.478260869565216851e+00 6.389703070211276426e-02
8.528428093645485930e+00 6.287445312347127169e-02
8.578595317725753233e+00 6.187171852118663468e-02
8.628762541806020536e+00 6.089240917088499516e-02
8.678929765886287839e+00 5.993945805632963642e-02
8.729096989966555142e+00 5.901513722158624464e-02
8.779264214046822445e+00 5.812107079070630983e-02
8.829431438127089748e+00 5.725826998783747207e-02
8.879598662207358828e+00 5.642718653004030749e-02
8.929765886287626131e+00 5.562778002653216702e-02
8.979933110367893434e+00 5.485959454430812399e-02
9.030100334448160737e+00 5.412183931738485249e-02
9.080267558528428040e+00 5.341346869653264273e-02
9.130434782608695343e+00 5.273325684939376284e-02
9.180602006688962646e+00 5.207986340138642117e-02
9.230769230769231726e+00 5.145188710821844980e-02
9.280936454849499029e+00 5.084790571140255372e-02
9.331103678929766332e+00 5.026650127298833148e-02
9.381270903010033635e+00 4.970627143477229781e-02
9.431438127090300938e+00 4.916582811718313989e-02
9.481605351170568241e+00 4.864378608767532669e-02
9.531772575250835544e+00 4.813874452151351707e-02
9.581939799331104624e+00 4.764926510180774594e-02
9.632107023411371927e+00 4.717385033310327047e-02
9.682274247491639230e+00 4.671092557096768322e-02
9.732441471571906533e+00 4.625882781927062593e-02
9.782608695652173836e+00 4.581580366024927409e-02
9.832775919732441139e+00 4.538001782061931721e-02
9.882943143812708442e+00 4.494957291393483073e-02
9.933110367892977521e+00 4.452253991427215091e-02
9.983277591973244824e+00 4.409699798814541161e-02
1.003344481605351213e+01 4.367108151133262256e-02
1.008361204013377943e+01 4.324303148269443425e-02
1.013377926421404673e+01 4.281124815829012720e-02
1.018394648829431404e+01 4.237434158588330307e-02
1.023411371237458134e+01 4.193117682210766028e-02
1.028428093645485042e+01 4.148091094194966688e-02
1.033444816053511772e+01 4.102301946737693661e-02
1.038461538461538503e+01 4.055731050106892166e-02
1.043478260869565233e+01 4.008392559766005281e-02
1.048494983277591963e+01 3.960332718271682845e-02
1.053511705685618693e+01 3.911627308465564362e-02
1.058528428093645424e+01 3.862377943067961394e-02
1.063545150501672332e+01 3.812707373679887629e-02
1.068561872909699062e+01 3.762754046794709178e-02
1.073578595317725792e+01 3.712666164228971277e-02
1.078595317725752523e+01 3.662595519996947324e-02
1.083612040133779253e+01 3.612691385635401903e-02
1.088628762541805983e+01 3.563094702632246119e-02
1.093645484949832891e+01 3.513932815787323277e-02
1.098662207357859621e+01 3.465314947240932808e-02
1.103678929765886352e+01 3.417328569911761565e-02
1.108695652173913082e+01 3.370036793577669415e-02
1.113712374581939812e+01 3.323476829156527673e-02
1.118729096989966543e+01 3.277659549027447244e-02
1.123745819397993273e+01 3.232570115449383275e-02
1.128762541806020181e+01 3.188169607070744094e-02
1.133779264214046911e+01 3.144397536596190562e-02
1.138795986622073642e+01 3.101175122219615790e-02
1.143812709030100372e+01 3.058409152289161270e-02
1.148829431438127102e+01 3.015996267548274809e-02
1.153846153846153832e+01 2.973827478396517954e-02
1.158862876254180563e+01 2.931792735900065616e-02
1.163879598662207471e+01 2.889785384220443232e-02
1.168896321070234201e+01 2.847706337932174800e-02
1.173913043478260931e+01 2.805467849159955576e-02
1.178929765886287662e+01 2.762996755168905388e-02
1.183946488294314392e+01 2.720237125365163391e-02
1.188963210702341122e+01 2.677152255944130130e-02
1.193979933110367853e+01 2.633725988996656747e-02
1.198996655518394761e+01 2.589963359287263470e-02
1.204013377926421491e+01 2.545890594920652977e-02
1.209030100334448221e+01 2.501554516827320107e-02
1.214046822742474951e+01 2.457021395951947129e-02
1.219063545150501682e+01 2.412375336107420304e-02
1.224080267558528412e+01 2.367716255007598289e-02
1.229096989966555142e+01 2.323157536592707420e-02
1.234113712374582050e+01 2.278823425369624553e-02
1.239130434782608781e+01 2.234846229037941445e-02
1.244147157190635511e+01 2.191363390307938391e-02
1.249163879598662241e+01 2.148514483426420749e-02
1.254180602006688972e+01 2.106438186347832364e-02
1.259197324414715702e+01 2.065269276229620213e-02
1.264214046822742432e+01 2.025135694224003413e-02
1.269230769230769340e+01 1.986155725336812006e-02
1.274247491638796070e+01 1.948435340052975459e-02
1.279264214046822801e+01 1.912065745964195915e-02
1.284280936454849531e+01 1.877121199067613086e-02
1.289297658862876261e+01 1.843657125007791553e-02
1.294314381270902992e+01 1.811708599650487667e-02
1.299331103678929722e+01 1.781289235424798195e-02
1.304347826086956630e+01 1.752390514553740092e-02
1.309364548494983360e+01 1.724981602436072639e-02
1.314381270903010090e+01 1.699009664207241921e-02
1.319397993311036821e+01 1.674400695175856657e-02
1.324414715719063551e+01 1.651060861928246512e-02
1.329431438127090281e+01 1.628878335995800550e-02
1.334448160535117012e+01 1.607725586758327121e-02
1.339464882943143920e+01 1.587462085363261152e-02
1.344481605351170650e+01 1.567937357482990929e-02
1.349498327759197380e+01 1.548994310262268026e-02
1.354515050167224111e+01 1.530472748291470536e-02
1.359531772575250841e+01 1.512212985262645359e-02
1.364548494983277571e+01 1.494059452477380055e-02
1.369565217391304301e+01 1.475864202824781792e-02
1.374581939799331209e+01 1.457490209509695010e-02
1.379598662207357940e+01 1.438814362814512179e-02
1.384615384615384670e+01 1.419730075685846082e-02
1.389632107023411400e+01 1.400149419898814862e-02
1.394648829431438131e+01 1.380004728869200364e-02
1.399665551839464861e+01 1.359249620513353594e-02
1.404682274247491591e+01 1.337859413381885069e-02
1.409698996655518499e+01 1.315830930876949779e-02
1.414715719063545230e+01 1.293181710753628540e-02
1.419732441471571960e+01 1.269948659226905786e-02
1.424749163879598690e+01 1.246186209660037590e-02
1.429765886287625420e+01 1.221964063841654569e-02
1.434782608695652151e+01 1.197364608202474041e-02
1.439799331103678881e+01 1.172480107126923701e-02
1.444816053511705789e+01 1.147409780231618305e-02
1.449832775919732519e+01 1.122256869920312643e-02
1.454849498327759250e+01 1.097125799854034404e-02
1.459866220735785980e+01 1.072119514768507705e-02
1.464882943143812710e+01 1.047337078162514055e-02
1.469899665551839441e+01 1.022871587874366918e-02
1.474916387959866171e+01 9.988084516394971427e-03
1.479933110367893079e+01 9.752240465782454834e-03
1.484949832775919809e+01 9.521847692740458696e-03
1.489966555183946539e+01 9.297464675385006677e-03
1.494983277591973270e+01 9.079542317253568376e-03
1.500000000000000000e+01 8.868425128700608423e-03
