0.000000000000000000e+00 1.601132176792091980e-02
5.016722408026755980e-02 1.724563451411815010e-02
1.003344481605351196e-01 1.852938863570460087e-02
1.505016722408026864e-01 1.986050430612780124e-02
2.006688963210702392e-01 2.123658864709799740e-02
2.508361204013377921e-01 2.265495806532418985e-02
3.010033444816053727e-01 2.411266534656583346e-02
3.511705685618728978e-01 2.560653107862654113e-02
4.013377926421404784e-01 2.713317886043694130e-02
4.515050167224080591e-01 2.868907365051459255e-02
5.016722408026755842e-01 3.027056251782427043e-02
5.518394648829431093e-01 3.187391698455068617e-02
6.020066889632107454e-01 3.349537609634374580e-02
6.521739130434782705e-01 3.513118932322002036e-02
7.023411371237457956e-01 3.677765838510706903e-02
7.525083612040134318e-01 3.843117711065582170e-02
8.026755852842809569e-01 4.008826847722618547e-02
8.528428093645484820e-01 4.174561804217902239e-02
9.030100334448161181e-01 4.340010306066405948e-02
9.531772575250836432e-01 4.504881669008633377e-02
1.003344481605351168e+00 4.668908680416803542e-02
1.053511705685618693e+00 4.831848907641496382e-02
1.103678929765886219e+00 4.993485414065824274e-02
1.153846153846153966e+00 5.153626879017097345e-02
1.204013377926421491e+00 5.312107133348341337e-02
1.254180602006689016e+00 5.468784137887077595e-02
1.304347826086956541e+00 5.623538446671334790e-02
1.354515050167224066e+00 5.776271210531210010e-02
1.404682274247491591e+00 5.926901788666842641e-02
1.454849498327759338e+00 6.075365046151867676e-02
1.505016722408026864e+00 6.221608423320124093e-02
1.555183946488294389e+00 6.365588868686257451e-02
1.605351170568561914e+00 6.507269730068908353e-02
1.655518394648829439e+00 6.646617698944702612e-02
1.705685618729096964e+00 6.783599900673996375e-02
1.755852842809364489e+00 6.918181218215663231e-02
1.806020066889632236e+00 7.050321929341765714e-02
1.856187290969899761e+00 7.179975727531949514e-02
1.906354515050167286e+00 7.307088184759995275e-02
1.956521739130434812e+00 7.431595700841342467e-02
2.006688963210702337e+00 7.553424969112086662e-02
2.056856187290970084e+00 7.672492972507380382e-02
2.107023411371237387e+00 7.788707508011727398e-02
2.157190635451505134e+00 7.901968221478362919e-02
2.207357859531772437e+00 8.012168119397815313e-02
2.257525083612040184e+00 8.119195509845207603e-02
2.307692307692307931e+00 8.222936311927668551e-02
2.357859531772575234e+00 8.323276661998835202e-02
2.408026755852842982e+00 8.420105736055993884e-02
2.458193979933110285e+00 8.513318701257377441e-02
2.508361204013378032e+00 8.602819705694508823e-02
2.558528428093645335e+00 8.688524814380864381e-02
2.608695652173913082e+00 8.770364801087286721e-02
2.658862876254180829e+00 8.848287709811528123e-02
2.709030100334448132e+00 8.922261106525786190e-02
2.759197324414715879e+00 8.992273950779172687e-02
2.809364548494983183e+00 9.058338027831105976e-02
2.859531772575250930e+00 9.120488894574076133e-02
2.909698996655518677e+00 9.178786306464642442e-02
2.959866220735785980e+00 9.233314107301701656e-02
3.010033444816053727e+00 9.284179578844627134e-02
3.060200668896321030e+00 9.331512262198912722e-02
3.110367892976588777e+00 9.375462277412914547e-02
3.160535117056856080e+00 9.416198181265784950e-02
3.210702341137123828e+00 9.453904415507420611e-02
3.260869565217391575e+00 9.488778408375062035e-02
3.311036789297658878e+00 9.521027401028019088e-02
3.361204013377926625e+00 9.550865077014572546e-02
3.411371237458193928e+00 9.578508077341771343e-02
3.461538461538461675e+00 9.604172485593497066e-02
3.511705685618728978e+00 9.628070367269983554e-02
3.561872909698996725e+00 9.650406444784988269e-02
3.612040133779264472e+00 9.671374984765843119e-02
3.662207357859531776e+00 9.691156967438113723e-02
3.712374581939799523e+00 9.709917599325626480e-02
3.762541806020066826e+00 9.727804220350025344e-02
3.812709030100334573e+00 9.744944645250788740e-02
3.862876254180602320e+00 9.761445967094029008e-02
3.913043478260869623e+00 9.777393838157036332e-02
3.963210702341137370e+00 9.792852230757094489e-02
4.013377926421404673e+00 9.807863668252114753e-02
4.063545150501671976e+00 9.822449904584716618e-02
4.113712374581940168e+00 9.836613019913820199e-02
4.163879598662207471e+00 9.850336890145083846e-02
4.214046822742474774e+00 9.863588980047326149e-02
4.264214046822742965e+00 9.876322403011143780e-02
4.314381270903010268e+00 9.888478185828183942e-02
4.364548494983277571e+00 9.899987674007595939e-02
4.414715719063544874e+00 9.910775012188183242e-02
4.464882943143813065e+00 9.920759635221013117e-02
4.515050167224080369e+00 9.929858708189975847e-02
4.565217391304347672e+00 9.937989458054694025e-02
4.615384615384615863e+00 9.945071345419650988e-02
4.665551839464883166e+00 9.951028031950744090e-02
4.715719063545150469e+00 9.955789106910206687e-02
4.765886287625417772e+00 9.959291544847601041e-02
4.816053511705685963e+00 9.961480875380582245e-02
4.866220735785953266e+00 9.962312054893564250e-02
4.916387959866220569e+00 9.961750038630722004e-02
4.966555183946488761e+00 9.959770059721065327e-02
5.016722408026756064e+00 9.956357629005180288e-02
5.066889632107023367e+00 9.951508275855094898e-02
5.117056856187290670e+00 9.945227055474639699e-02
5.167224080267558861e+00 9.937527852129045269e-02
5.217391304347826164e+00 9.928432510665305410e-02
5.267558528428093467e+00 9.917969830213374527e-02
5.317725752508361658e+00 9.906174454494802439e-02
5.367892976588628962e+00 9.893085692536097986e-02
5.418060200668896265e+00 9.878746302139515545e-02
5.468227424749164456e+00 9.863201266284198077e-02
5.518394648829431759e+00 9.846496589870518124e-02
5.568561872909699062e+00 9.828678141138962043e-02
5.618729096989966365e+00 9.809790558813449857e-02
5.668896321070234556e+00 9.789876242745385038e-02
5.719063545150501859e+00 9.768974442680472547e-02
5.769230769230769162e+00 9.747120456838885560e-02
5.819397993311037354e+00 9.724344949447163988e-02
5.869565217391304657e+00 9.700673394096090418e-02
5.919732441471571960e+00 9.676125647940733709e-02
5.969899665551839263e+00 9.650715660280625996e-02
6.020066889632107454e+00 9.624451317763152436e-02
6.070234113712374757e+00 9.597334427456288841e-02
6.120401337792642060e+00 9.569360838132269509e-02
6.170568561872910252e+00 9.540520699143856254e-02
6.220735785953177555e+00 9.510798855328443657e-02
6.270903010033444858e+00 9.480175375144729577e-02
6.321070234113712161e+00 9.448626207852742209e-02
6.371237458193980352e+00 9.416123963751703296e-02
6.421404682274247655e+00 9.382638809468948904e-02
6.471571906354514958e+00 9.348139467881057263e-02
6.521739130434783149e+00 9.312594309582843122e-02
6.571906354515050452e+00 9.275972519981208475e-02
6.622073578595317755e+00 9.238245323120694574e-02
6.672240802675585059e+00 9.199387240426834533e-02
6.722408026755853250e+00 9.159377359798501206e-02
6.772575250836120553e+00 9.118200588077071678e-02
6.822742474916387856e+00 9.075848857960940042e-02
6.872909698996656047e+00 9.032322259145932064e-02
6.923076923076923350e+00 8.987630062919862994e-02
6.973244147157190653e+00 8.941791609788005135e-02
7.023411371237457956e+00 8.894837030988086979e-02
7.073578595317726148e+00 8.846807777014939478e-02
7.123745819397993451e+00 8.797756929576454332e-02
7.173913043478260754e+00 8.747749277606302332e-02
7.224080267558528945e+00 8.696861143043001230e-02
7.274247491638796248e+00 8.645179947955690392e-02
7.324414715719063551e+00 8.592803520979698517e-02
7.374581939799330854e+00 8.539839147840187772e-02
7.424749163879599045e+00 8.486402377751213477e-02
7.474916387959866348e+00 8.432615604365847894e-02
7.525083612040133652e+00 8.378606446619625558e-02
7.575250836120401843e+00 8.324505960895310641e-02
7.625418060200669146e+00 8.270446721325237782e-02
7.675585284280936449e+00 8.216560809434431123e-02
7.725752508361204640e+00 8.162977757661077360e-02
7.775919732441471943e+00 8.109822493366329599e-02
7.826086956521739246e+00 8.057213330654799943e-02
7.876254180602006549e+00 8.005260056768653820e-02
7.926421404682274741e+00 7.954062157764331398e-02
7.976588628762542044e+00 7.903707224993450353e-02
8.026755852842809347e+00 7.854269579366963960e-02
8.076923076923076650e+00 7.805809144917184861e-02
8.127090301003343953e+00 7.758370596749133985e-02
8.177257525083613032e+00 7.711982801452732517e-02
8.227424749163880335e+00 7.666658560559264091e-02
8.277591973244147638e+00 7.622394659953603269e-02
8.327759197324414941e+00 7.579172220573869578e-02
8.377926421404682245e+00 7.536957338397134998e-02
8.428093645484949548e+00 7.495701994918400890e-02
8.478260869565216851e+00 7.455345213223987799e-02
8.528428093645485930e+00 7.415814429576958466e-02
8.578595317725753233e+00 7.377027046187648041e-02
8.628762541806020536e+00 7.338892127728315062e-02
8.678929765886287839e+00 7.301312202171429677e-02
8.729096989966555142e+00 7.264185125687853961e-02
8.779264214046822445e+00 7.227405971575011356e-02
8.829431438127089748e+00 7.190868904519262528e-02
8.879598662207358828e+00 7.154469003644223224e-02
8.929765886287626131e+00 7.118104000858405112e-02
8.979933110367893434e+00 7.081675904597885263e-02
9.030100334448160737e+00 7.045092483211881640e-02
9.080267558528428040e+00 7.008268586610859330e-02
9.130434782608695343e+00 6.971127289389623949e-02
9.180602006688962646e+00 6.933600843134786473e-02
9.230769230769231726e+00 6.895631430086521241e-02
9.280936454849499029e+00 6.857171714375402682e-02
9.331103678929766332e+00 6.818185190929311468e-02
9.381270903010033635e+00 6.778646335451662952e-02
9.431438127090300938e+00 6.738540561863952394e-02
9.481605351170568241e+00 6.697863996084850446e-02
9.531772575250835544e+00 6.656623077087549245e-02
9.581939799331104624e+00 6.614833997883910743e-02
9.632107023411371927e+00 6.572522000435261635e-02
9.682274247491639230e+00 6.529720539597287654e-02
9.732441471571906533e+00 6.486470332094074198e-02
9.782608695652173836e+00 6.442818307285762269e-02
9.832775919732441139e+00 6.398816477187976859e-02
9.882943143812708442e+00 6.354520743811353789e-02
9.933110367892977521e+00 6.309989662576677427e-02
9.983277591973244824e+00 6.265283181091338416e-02
1.003344481605351213e+01 6.220461373262625715e-02
1.008361204013377943e+01 6.175583189159798703e-02
1.013377926421404673e+01 6.130705241507553721e-02
1.018394648829431404e+01 6.085880649892361216e-02
1.023411371237458134e+01 6.041157963752876586e-02
1.028428093645485042e+01 5.996580184851293960e-02
1.033444816053511772e+01 5.952183909174778992e-02
1.038461538461538503e+01 5.907998606953104165e-02
1.043478260869565233e+01 5.864046057736762435e-02
1.048494983277591963e+01 5.820339955153995548e-02
1.053511705685618693e+01 5.776885693111349224e-02
1.058528428093645424e+01 5.733680341782126239e-02
1.063545150501672332e+01 5.690712817880347330e-02
1.068561872909699062e+01 5.647964249389592073e-02
1.073578595317725792e+01 5.605408530388526767e-02
1.078595317725752523e+01 5.563013056817662366e-02
1.083612040133779253e+01 5.520739629308330648e-02
1.088628762541805983e+01 5.478545504510503455e-02
1.093645484949832891e+01 5.436384572037094437e-02
1.098662207357859621e+01 5.394208630248483599e-02
1.103678929765886352e+01 5.351968730770802901e-02
1.108695652173913082e+01 5.309616559151360271e-02
1.113712374581939812e+01 5.267105817261633072e-02
1.118729096989966543e+01 5.224393572353799170e-02
1.123745819397993273e+01 5.181441537829905436e-02
1.128762541806020181e+01 5.138217252029484566e-02
1.133779264214046911e+01 5.094695123550851967e-02
1.138795986622073642e+01 5.050857314753322280e-02
1.143812709030100372e+01 5.006694439158870802e-02
1.148829431438127102e+01 4.962206053218913560e-02
1.153846153846153832e+01 4.917400928353231337e-02
1.158862876254180563e+01 4.872297095029926722e-02
1.163879598662207471e+01 4.826921656852665304e-02
1.168896321070234201e+01 4.781310378889223195e-02
1.173913043478260931e+01 4.735507060701471538e-02
1.178929765886287662e+01 4.689562710494123848e-02
1.183946488294314392e+01 4.643534542295228718e-02
1.188963210702341122e+01 4.597484822983989583e-02
1.193979933110367853e+01 4.551479600124912900e-02
1.198996655518394761e+01 4.505587344807999994e-02
1.204013377926421491e+01 4.459877545930913956e-02
1.209030100334448221e+01 4.414419293588879578e-02
1.214046822742474951e+01 4.369279889251523330e-02
1.219063545150501682e+01 4.324523519428166013e-02
1.224080267558528412e+01 4.280210027339351186e-02
1.229096989966555142e+01 4.236393813995713992e-02
1.234113712374582050e+01 4.193122895952788171e-02
1.239130434782608781e+01 4.150438142141454900e-02
1.244147157190635511e+01 4.108372706581010780e-02
1.249163879598662241e+01 4.066951667779565571e-02
1.254180602006688972e+01 4.026191879282158687e-02
1.259197324414715702e+01 3.986102029454369894e-02
1.264214046822742432e+01 3.946682902331444948e-02
1.269230769230769340e+01 3.907927825472966299e-02
1.274247491638796070e+01 3.869823285411563146e-02
1.279264214046822801e+01 3.832349686681078144e-02
1.284280936454849531e+01 3.795482226691762606e-02
1.289297658862876261e+01 3.759191856025520528e-02
1.294314381270902992e+01 3.723446292139377667e-02
1.299331103678929722e+01 3.688211054022678959e-02
1.304347826086956630e+01 3.653450486073565873e-02
1.309364548494983360e+01 3.619128741291138818e-02
1.314381270903010090e+01 3.585210696709097838e-02
1.319397993311036821e+01 3.551662777752504635e-02
1.324414715719063551e+01 3.518453672617144479e-02
1.329431438127090281e+01 3.485554922783752618e-02
1.334448160535117012e+01 3.452941381029988460e-02
1.339464882943143920e+01 3.420591533683445956e-02
1.344481605351170650e+01 3.388487689058373997e-02
1.349498327759197380e+01 3.356616038864312229e-02
1.354515050167224111e+01 3.324966603636945323e-02
1.359531772575250841e+01 3.293533076786504810e-02
1.364548494983277571e+01 3.262312584500218909e-02
1.369565217391304301e+01 3.231305380461492460e-02
1.374581939799331209e+01 3.200514495024497919e-02
1.379598662207357940e+01 3.169945358221155918e-02
1.384615384615384670e+01 3.139605414741892392e-02
1.389632107023411400e+01 3.109503746993717496e-02
1.394648829431438131e+01 3.079650719610033116e-02
1.399665551839464861e+01 3.050057655539330573e-02
1.404682274247491591e+01 3.020736550303836088e-02
1.409698996655518499e+01 2.991699827352295102e-02
1.414715719063545230e+01 2.962960133903495483e-02
1.419732441471571960e+01 2.934530173427448568e-02
1.424749163879598690e+01 2.906422568179523741e-02
1.429765886287625420e+01 2.878649743076533429e-02
1.434782608695652151e+01 2.851223820852023111e-02
1.439799331103678881e+01 2.824156517856164783e-02
1.444816053511705789e+01 2.797459030153079743e-02
1.449832775919732519e+01 2.771141900642631190e-02
1.454849498327759250e+01 2.745214859733922236e-02
1.459866220735785980e+01 2.719686634525301031e-02
1.464882943143812710e+01 2.694564724332110250e-02
1.469899665551839441e+01 2.669855143572060635e-02
1.474916387959866171e+01 2.645562136308263895e-02
1.479933110367893079e+01 2.621687869926907916e-02
1.484949832775919809e+01 2.598232118322330031e-02
1.489966555183946539e+01 2.575191947404753892e-02
1.494983277591973270e+01 2.552561417565068699e-02
1.500000000000000000e+01 2.530331318825387518e-02
