0.000000000000000000e+00 1.881061673719787788e-02
5.016722408026755980e-02 2.241481399318097367e-02
1.003344481605351196e-01 2.639741044766145267e-02
1.505016722408026864e-01 3.073906791839510488e-02
2.006688963210702392e-01 3.541096878625189792e-02
2.508361204013377921e-01 4.037589578298170223e-02
3.010033444816053727e-01 4.558979851622376595e-02
3.511705685618728978e-01 5.100373725440000838e-02
4.013377926421404784e-01 5.656606466983204323e-02
4.515050167224080591e-01 6.222468702419211434e-02
5.016722408026755842e-01 6.792923820607944807e-02
5.518394648829431093e-01 7.363300364476427218e-02
6.020066889632107454e-01 7.929444742522147316e-02
6.521739130434782705e-01 8.487822615287496375e-02
7.023411371237457956e-01 9.035561788239633574e-02
7.525083612040134318e-01 9.570435244683646314e-02
8.026755852842809569e-01 1.009078964197482747e-01
8.528428093645484820e-01 1.059543137623077669e-01
9.030100334448161181e-01 1.108348811065238831e-01
9.531772575250836432e-01 1.155426728390222951e-01
1.003344481605351168e+00 1.200713358065324116e-01
1.053511705685618693e+00 1.244142416021313674e-01
1.103678929765886219e+00 1.285641381017251783e-01
1.153846153846153966e+00 1.325133309539540949e-01
1.204013377926421491e+00 1.362543260939579337e-01
1.254180602006689016e+00 1.397807751473594540e-01
1.304347826086956541e+00 1.430885048685187344e-01
1.354515050167224066e+00 1.461763923353680272e-01
1.404682274247491591e+00 1.490468742074080866e-01
1.454849498327759338e+00 1.517059463062938596e-01
1.505016722408026864e+00 1.541626062389294116e-01
1.555183946488294389e+00 1.564277983681418571e-01
1.605351170568561914e+00 1.585130170771760216e-01
1.655518394648829439e+00 1.604287931683406887e-01
1.705685618729096964e+00 1.621833170619148001e-01
1.755852842809364489e+00 1.637814363727420897e-01
1.806020066889632236e+00 1.652242076292506634e-01
1.856187290969899761e+00 1.665090926774893398e-01
1.906354515050167286e+00 1.676307851982470898e-01
1.956521739130434812e+00 1.685825497677676532e-01
2.006688963210702337e+00 1.693578723992916757e-01
2.056856187290970084e+00 1.699521714548897500e-01
2.107023411371237387e+00 1.703643092357191302e-01
2.157190635451505134e+00 1.705976781612544846e-01
2.207357859531772437e+00 1.706607045791336541e-01
2.257525083612040184e+00 1.705667051232197529e-01
2.307692307692307931e+00 1.703331287782650083e-01
2.357859531772575234e+00 1.699803056846806715e-01
2.408026755852842982e+00 1.695298873497796677e-01
2.458193979933110285e+00 1.690031938014533996e-01
2.508361204013378032e+00 1.684196793379030554e-01
2.558528428093645335e+00 1.677956941636819244e-01
2.608695652173913082e+00 1.671436631729248945e-01
2.658862876254180829e+00 1.664717366349166283e-01
2.709030100334448132e+00 1.657839014809472933e-01
2.759197324414715879e+00 1.650804853439888087e-01
2.809364548494983183e+00 1.643589444461302784e-01
2.859531772575250930e+00 1.636148038369762692e-01
2.909698996655518677e+00 1.628426146971250488e-01
2.959866220735785980e+00 1.620368069151670309e-01
3.010033444816053727e+00 1.611923430066205531e-01
3.060200668896321030e+00 1.603051177767525759e-01
3.110367892976588777e+00 1.593720920123151141e-01
3.160535117056856080e+00 1.583911922282994211e-01
3.210702341137123828e+00 1.573610458988180527e-01
3.260869565217391575e+00 1.562806468129861459e-01
3.311036789297658878e+00 1.551490537053986374e-01
3.361204013377926625e+00 1.539652150436823519e-01
3.411371237458193928e+00 1.527279850166196884e-01
3.461538461538461675e+00 1.514363549357271854e-01
3.511705685618728978e+00 1.500898778660682553e-01
3.561872909698996725e+00 1.486892212099916732e-01
3.612040133779264472e+00 1.472367507746474846e-01
3.662207357859531776e+00 1.457370369384725917e-01
3.712374581939799523e+00 1.441971816650207128e-01
3.762541806020066826e+00 1.426268926679128690e-01
3.812709030100334573e+00 1.410382722889988727e-01
3.862876254180602320e+00 1.394453349482014382e-01
3.913043478260869623e+00 1.378633087067863139e-01
3.963210702341137370e+00 1.363078050974598776e-01
4.013377926421404673e+00 1.347939516612286226e-01
4.063545150501671976e+00 1.333355728155083686e-01
4.113712374581940168e+00 1.319444806238107004e-01
4.163879598662207471e+00 1.306299053242242492e-01
4.214046822742474774e+00 1.293980653400521597e-01
4.264214046822742965e+00 1.282518564315295317e-01
4.314381270903010268e+00 1.271906349838731187e-01
4.364548494983277571e+00 1.262100817726637403e-01
4.414715719063544874e+00 1.253021555039026680e-01
4.464882943143813065e+00 1.244551716003248903e-01
4.515050167224080369e+00 1.236540610536421697e-01
4.565217391304347672e+00 1.228808677461827037e-01
4.615384615384615863e+00 1.221155253650947764e-01
4.665551839464883166e+00 1.213369173359456071e-01
4.715719063545150469e+00 1.205241713931671788e-01
4.765886287625417772e+00 1.196580853751710860e-01
4.816053511705685963e+00 1.187225355223992945e-01
4.866220735785953266e+00 1.177056947652192764e-01
4.916387959866220569e+00 1.166008939210961270e-01
4.966555183946488761e+00 1.154069949756260649e-01
5.016722408026756064e+00 1.141282076519126998e-01
5.066889632107023367e+00 1.127733577027893869e-01
5.117056856187290670e+00 1.113546939641857358e-01
5.167224080267558861e+00 1.098863872207281461e-01
5.217391304347826164e+00 1.083829160368712935e-01
5.267558528428093467e+00 1.068575464741500919e-01
5.317725752508361658e+00 1.053210932999456839e-01
5.367892976588628962e+00 1.037811045554318523e-01
5.418060200668896265e+00 1.022415477796184136e-01
5.468227424749164456e+00 1.007030054113887546e-01
5.518394648829431759e+00 9.916331952046771037e-02
5.568561872909699062e+00 9.761857105952151392e-02
5.618729096989966365e+00 9.606424261013432608e-02
5.668896321070234556e+00 9.449639933334909314e-02
5.719063545150501859e+00 9.291273068636766996e-02
5.769230769230769162e+00 9.131332286897907158e-02
5.819397993311037354e+00 8.970107420690495714e-02
5.869565217391304657e+00 8.808171655529466182e-02
5.919732441471571960e+00 8.646345837342361840e-02
5.969899665551839263e+00 8.485631255191636302e-02
6.020066889632107454e+00 8.327120849267270752e-02
6.070234113712374757e+00 8.171900920402604129e-02
6.120401337792642060e+00 8.020955841366651795e-02
6.170568561872910252e+00 7.875087050062060112e-02
6.220735785953177555e+00 7.734855026720471871e-02
6.270903010033444858e+00 7.600549474987848553e-02
6.321070234113712161e+00 7.472189083013328070e-02
6.371237458193980352e+00 7.349548574411163271e-02
6.421404682274247655e+00 7.232207725181602487e-02
6.471571906354514958e+00 7.119614932644913186e-02
6.521739130434783149e+00 7.011156915389314681e-02
6.571906354515050452e+00 6.906226173192865636e-02
6.622073578595317755e+00 6.804278785351348946e-02
6.672240802675585059e+00 6.704876742406731815e-02
6.722408026755853250e+00 6.607711040916748602e-02
6.772575250836120553e+00 6.512604007664278549e-02
6.822742474916387856e+00 6.419491596265121391e-02
6.872909698996656047e+00 6.328388599935480530e-02
6.923076923076923350e+00 6.239341740770412703e-02
6.973244147157190653e+00 6.152377285431462339e-02
7.023411371237457956e+00 6.067450988154999419e-02
7.073578595317726148e+00 5.984408507485777101e-02
7.123745819397993451e+00 5.902963715225979791e-02
7.173913043478260754e+00 5.822700346597571575e-02
7.224080267558528945e+00 5.743099269563124026e-02
7.274247491638796248e+00 5.663589601800728818e-02
7.324414715719063551e+00 5.583617589625856914e-02
7.374581939799330854e+00 5.502723396463116839e-02
7.424749163879599045e+00 5.420613571203412168e-02
7.474916387959866348e+00 5.337216633709809810e-02
7.525083612040133652e+00 5.252711199752099075e-02
7.575250836120401843e+00 5.167520150297466586e-02
7.625418060200669146e+00 5.082269826888351910e-02
7.675585284280936449e+00 4.997719061665126250e-02
7.725752508361204640e+00 4.914667879976535730e-02
7.775919732441471943e+00 4.833858965423917797e-02
7.826086956521739246e+00 4.755885866075106744e-02
7.876254180602006549e+00 4.681120379811589544e-02
7.926421404682274741e+00 4.609668028958634201e-02
7.976588628762542044e+00 4.541355837319379501e-02
8.026755852842809347e+00 4.475751734792247222e-02
8.076923076923076650e+00 4.412210739161875894e-02
8.127090301003343953e+00 4.349940238385627961e-02
8.177257525083613032e+00 4.288075483841286700e-02
8.227424749163880335e+00 4.225756694780641309e-02
8.277591973244147638e+00 4.162200569500902614e-02
8.327759197324414941e+00 4.096760961161406700e-02
8.377926421404682245e+00 4.028975483995061307e-02
8.428093645484949548e+00 3.958596491319429228e-02
8.478260869565216851e+00 3.885606044066867992e-02
8.528428093645485930e+00 3.810215211467579688e-02
8.578595317725753233e+00 3.732848504012131058e-02
8.628762541806020536e+00 3.654114670886962624e-02
8.678929765886287839e+00 3.574765683208410566e-02
8.729096989966555142e+00 3.495646525632642443e-02
8.779264214046822445e+00 3.417639334819809471e-02
8.829431438127089748e+00 3.341606232934586640e-02
8.879598662207358828e+00 3.268335638673081078e-02
8.929765886287626131e+00 3.198496672102330712e-02
8.979933110367893434e+00 3.132605406395076036e-02
9.030100334448160737e+00 3.071005237958800843e-02
9.080267558528428040e+00 3.013861795649772080e-02
9.130434782608695343e+00 2.961170952243430757e-02
9.180602006688962646e+00 2.912777018607807036e-02
9.230769230769231726e+00 2.868397390845886172e-02
9.280936454849499029e+00 2.827649912383045638e-02
9.331103678929766332e+00 2.790079932095115497e-02
9.381270903010033635e+00 2.755185227101900405e-02
9.431438127090300938e+00 2.722438247057054964e-02
9.481605351170568241e+00 2.691306154417598406e-02
9.531772575250835544e+00 2.661269614746907680e-02
9.581939799331104624e+00 2.631841142487959320e-02
9.632107023411371927e+00 2.602583138097023380e-02
9.682274247491639230e+00 2.573124825549694822e-02
9.732441471571906533e+00 2.543176448815305177e-02
9.782608695652173836e+00 2.512538612382091488e-02
9.832775919732441139e+00 2.481104733984433250e-02
9.882943143812708442e+00 2.448855232190700823e-02
9.933110367892977521e+00 2.415843155876878229e-02
9.983277591973244824e+00 2.382172233472627104e-02
1.003344481605351213e+01 2.347969508468813679e-02
1.008361204013377943e+01 2.313355612166445585e-02
1.013377926421404673e+01 2.278416174559303939e-02
1.018394648829431404e+01 2.243177859075384459e-02
1.023411371237458134e+01 2.207592073559374451e-02
1.028428093645485042e+01 2.171528645373340533e-02
1.033444816053511772e+01 2.134780746720205472e-02
1.038461538461538503e+01 2.097081201386436639e-02
1.043478260869565233e+01 2.058129074025682667e-02
1.048494983277591963e+01 2.017624225667708979e-02
1.053511705685618693e+01 1.975306427700255704e-02
1.058528428093645424e+01 1.930994802711141420e-02
1.063545150501672332e+01 1.884622957721216255e-02
1.068561872909699062e+01 1.836265324914778535e-02
1.073578595317725792e+01 1.786150995277531461e-02
1.078595317725752523e+01 1.734662691420511133e-02
1.083612040133779253e+01 1.682320331854168446e-02
1.088628762541805983e+01 1.629750639223348160e-02
1.093645484949832891e+01 1.577646120342668032e-02
1.098662207357859621e+01 1.526718167751275196e-02
1.103678929765886352e+01 1.477649731648884336e-02
1.108695652173913082e+01 1.431052840801209231e-02
1.113712374581939812e+01 1.387435229853827348e-02
1.118729096989966543e+01 1.347178651206294708e-02
1.123745819397993273e+01 1.310529448456159742e-02
1.128762541806020181e+01 1.277600057255244732e-02
1.133779264214046911e+01 1.248378673163588228e-02
1.138795986622073642e+01 1.222743667071184842e-02
1.143812709030100372e+01 1.200479532591608445e-02
1.148829431438127102e+01 1.181292095780978914e-02
1.153846153846153832e+01 1.164822094933600991e-02
1.158862876254180563e+01 1.150657626782431581e-02
1.163879598662207471e+01 1.138346939340025010e-02
1.168896321070234201e+01 1.127413336729649052e-02
1.173913043478260931e+01 1.117373460668393513e-02
1.178929765886287662e+01 1.107759074246637485e-02
1.183946488294314392e+01 1.098141037310028899e-02
1.188963210702341122e+01 1.088152865477835796e-02
1.193979933110367853e+01 1.077510512176878092e-02
1.198996655518394761e+01 1.066025063220497372e-02
1.204013377926421491e+01 1.053605925223697302e-02
1.209030100334448221e+01 1.040253634527720135e-02
1.214046822742474951e+01 1.026043253869214633e-02
1.219063545150501682e+01 1.011101031406013914e-02
1.224080267558528412e+01 9.955781848801106143e-03
1.229096989966555142e+01 9.796260912014480640e-03
1.234113712374582050e+01 9.633767406241514064e-03
1.239130434782608781e+01 9.469311696078043517e-03
1.244147157190635511e+01 9.303569717254793134e-03
1.249163879598662241e+01 9.136942289866179998e-03
1.254180602006688972e+01 8.969676368195109162e-03
1.259197324414715702e+01 8.802014892211600106e-03
1.264214046822742432e+01 8.634337261931418137e-03
1.269230769230769340e+01 8.467254901362856329e-03
1.274247491638796070e+01 8.301635421767905240e-03
1.279264214046822801e+01 8.138542990017426024e-03
1.284280936454849531e+01 7.979099274995649430e-03
1.289297658862876261e+01 7.824285887725634589e-03
1.294314381270902992e+01 7.674722566768086597e-03
1.299331103678929722e+01 7.530462916918638158e-03
1.304347826086956630e+01 7.390849617099091128e-03
1.309364548494983360e+01 7.254463294915886040e-03
1.314381270903010090e+01 7.119184808403820203e-03
1.319397993311036821e+01 6.982371920292792730e-03
1.324414715719063551e+01 6.841131675329405540e-03
1.329431438127090281e+01 6.692652865398770329e-03
1.334448160535117012e+01 6.534551997855605858e-03
1.339464882943143920e+01 6.365183234323346269e-03
1.344481605351170650e+01 6.183868315583660250e-03
1.349498327759197380e+01 5.991015323173018436e-03
1.354515050167224111e+01 5.788112640492151274e-03
1.359531772575250841e+01 5.577603257336073012e-03
1.364548494983277571e+01 5.362661171932969935e-03
1.369565217391304301e+01 5.146903351466169951e-03
1.374581939799331209e+01 4.934076018527040058e-03
1.379598662207357940e+01 4.727752867758976650e-03
1.384615384615384670e+01 4.531076374537011849e-03
1.389632107023411400e+01 4.346563633581063818e-03
1.394648829431438131e+01 4.175987379628778862e-03
1.399665551839464861e+01 4.020332896508545945e-03
1.404682274247491591e+01 3.879823649130801320e-03
1.409698996655518499e+01 3.754003150543228171e-03
1.414715719063545230e+01 3.641857665481625182e-03
1.419732441471571960e+01 3.541963385042451451e-03
1.424749163879598690e+01 3.452642177708776638e-03
1.429765886287625420e+01 3.372111573373156364e-03
1.434782608695652151e+01 3.298617096269989158e-03
1.439799331103678881e+01 3.230538339759077456e-03
1.444816053511705789e+01 3.166464104587439748e-03
1.449832775919732519e+01 3.105236138697630571e-03
1.454849498327759250e+01 3.045964946231930447e-03
1.459866220735785980e+01 2.988024104657367990e-03
1.464882943143812710e+01 2.931030973422711194e-03
1.469899665551839441e+01 2.874821334069765401e-03
1.474916387959866171e+01 2.819423539514735559e-03
1.479933110367893079e+01 2.765034755648230168e-03
1.484949832775919809e+01 2.711998703110631102e-03
1.489966555183946539e+01 2.660781827337410036e-03
1.494983277591973270e+01 2.611943694254157018e-03
1.500000000000000000e+01 2.566097885149969636e-03
