0.000000000000000000e+00 1.210471921426174158e-01
5.016722408026755980e-03 1.189244766437157624e-01
1.003344481605351196e-02 1.119617686929040706e-01
1.505016722408026794e-02 1.010845662579049481e-01
2.006688963210702392e-02 8.763567517276797669e-02
2.508361204013377990e-02 7.311722916785697024e-02
3.010033444816053588e-02 5.893068874304885352e-02
3.511705685618729533e-02 4.617526581553514642e-02
4.013377926421404784e-02 3.554057878781922974e-02
4.515050167224080035e-02 2.729842603866511688e-02
5.016722408026755980e-02 2.137264787017496837e-02
5.518394648829431925e-02 1.745218860786387771e-02
6.020066889632107177e-02 1.511178435270649732e-02
6.521739130434782428e-02 1.391353806862901873e-02
7.023411371237459067e-02 1.347538476938435655e-02
7.525083612040134318e-02 1.350420259177814719e-02
8.026755852842809569e-02 1.379938188039271305e-02
8.528428093645484820e-02 1.423654676844504120e-02
9.030100334448160071e-02 1.474174533528844165e-02
9.531772575250836710e-02 1.526508033958951828e-02
1.003344481605351196e-01 1.576044988924714396e-02
1.053511705685618721e-01 1.617534409804056647e-02
1.103678929765886385e-01 1.645174431839648010e-02
1.153846153846153910e-01 1.653633129870922536e-02
1.204013377926421435e-01 1.639582791934574360e-02
1.254180602006688960e-01 1.603190961428855796e-02
1.304347826086956486e-01 1.549015731046086974e-02
1.354515050167224011e-01 1.485911643669896379e-02
1.404682274247491813e-01 1.425830113006932090e-02
1.454849498327759338e-01 1.381717252233189905e-02
1.505016722408026864e-01 1.364978194080915253e-02
1.555183946488294389e-01 1.383111355457465087e-02
1.605351170568561914e-01 1.438081185375749901e-02
1.655518394648829439e-01 1.525808763556261126e-02
1.705685618729096964e-01 1.636876275948926512e-02
1.755852842809364489e-01 1.758247460911634835e-02
1.806020066889632014e-01 1.875581488768646859e-02
1.856187290969899817e-01 1.975615300370417785e-02
1.906354515050167342e-01 2.048122829266589215e-02
1.956521739130434867e-01 2.087104622635635801e-02
2.006688963210702392e-01 2.091068851082733895e-02
2.056856187290969917e-01 2.062477635192588171e-02
2.107023411371237442e-01 2.006602161356357134e-02
2.157190635451504968e-01 1.930124922518655639e-02
2.207357859531772770e-01 1.839836587817020655e-02
2.257525083612040295e-01 1.741705723100964165e-02
2.307692307692307820e-01 1.640473265211777470e-02
2.357859531772575346e-01 1.539771308821430255e-02
2.408026755852842871e-01 1.442623084593293130e-02
2.458193979933110396e-01 1.352082412232577871e-02
2.508361204013377921e-01 1.271742259305791434e-02
2.558528428093645446e-01 1.205893021084963011e-02
2.608695652173912971e-01 1.159230066289891614e-02
2.658862876254180496e-01 1.136164319934705215e-02
2.709030100334448021e-01 1.139933398065511895e-02
2.759197324414715546e-01 1.171798766281902972e-02
2.809364548494983627e-01 1.230616316567126160e-02
2.859531772575251152e-01 1.312978463766692645e-02
2.909698996655518677e-01 1.413967385085568990e-02
2.959866220735786202e-01 1.528374969759579635e-02
3.010033444816053727e-01 1.652089328407778737e-02
3.060200668896321252e-01 1.783270014518185259e-02
3.110367892976588777e-01 1.922964430966487767e-02
3.160535117056856302e-01 2.074954077799546354e-02
3.210702341137123828e-01 2.244823446468470485e-02
3.260869565217391353e-01 2.438453148053514735e-02
3.311036789297658878e-01 2.660286822931568623e-02
3.361204013377926403e-01 2.911767788407286853e-02
3.411371237458193928e-01 3.190286311931451319e-02
3.461538461538461453e-01 3.488857909371186755e-02
3.511705685618728978e-01 3.796615681946063220e-02
3.561872909698996503e-01 4.100078868642495489e-02
3.612040133779264028e-01 4.385060361939158158e-02
3.662207357859532109e-01 4.638983438299257994e-02
3.712374581939799634e-01 4.853283207527880200e-02
3.762541806020067159e-01 5.025488376913098826e-02
3.812709030100334684e-01 5.160557120422893523e-02
3.862876254180602209e-01 5.271122216030269675e-02
3.913043478260869734e-01 5.376497676839665785e-02
3.963210702341137259e-01 5.500570349119249941e-02
4.013377926421404784e-01 5.668958162526967215e-02
4.063545150501672309e-01 5.905966471257187433e-02
4.113712374581939835e-01 6.231859666255083752e-02
4.163879598662207360e-01 6.660803179281299391e-02
4.214046822742474885e-01 7.199604906541279270e-02
4.264214046822742410e-01 7.847204637735187560e-02
4.314381270903009935e-01 8.594801604707136278e-02
4.364548494983277460e-01 9.426572032413473023e-02
4.414715719063545540e-01 1.032102870875774153e-01
4.464882943143813065e-01 1.125309813005241633e-01
4.515050167224080591e-01 1.219686336439699398e-01
4.565217391304348116e-01 1.312866620070643753e-01
4.615384615384615641e-01 1.403000464355554366e-01
4.665551839464883166e-01 1.488956354960863648e-01
4.715719063545150691e-01 1.570388107721043536e-01
4.765886287625418216e-01 1.647655396197250655e-01
4.816053511705685741e-01 1.721635911325055113e-01
4.866220735785953266e-01 1.793499967752948121e-01
4.916387959866220791e-01 1.864521161468975785e-01
4.966555183946488317e-01 1.935968087277668281e-01
5.016722408026755842e-01 2.009076854104152599e-01
5.066889632107023367e-01 2.085065260062572423e-01
5.117056856187290892e-01 2.165136534221504816e-01
5.167224080267558417e-01 2.250439493775580058e-01
5.217391304347825942e-01 2.341992166472897652e-01
5.267558528428093467e-01 2.440615326647312122e-01
5.317725752508360992e-01 2.546938227500885610e-01
5.367892976588628517e-01 2.661518805700897605e-01
5.418060200668896043e-01 2.785069614101688407e-01
5.468227424749163568e-01 2.918719724910896485e-01
5.518394648829431093e-01 3.064200718162413128e-01
5.568561872909698618e-01 3.223845735516363553e-01
5.618729096989967253e-01 3.400342000230774930e-01
5.668896321070234778e-01 3.596264675264336796e-01
5.719063545150502303e-01 3.813510919211414718e-01
5.769230769230769829e-01 4.052809836068966831e-01
5.819397993311037354e-01 4.313480458679343488e-01
5.869565217391304879e-01 4.593543614014887200e-01
5.919732441471572404e-01 4.890187916190124051e-01
5.969899665551839929e-01 5.200484222539415446e-01
6.020066889632107454e-01 5.522173911123565704e-01
6.070234113712374979e-01 5.854344144751227885e-01
6.120401337792642504e-01 6.197844165264619898e-01
6.170568561872910029e-01 6.555368774126200115e-01
6.220735785953177555e-01 6.931211161524530873e-01
6.270903010033445080e-01 7.330746405152228640e-01
6.321070234113712605e-01 7.759740780760655543e-01
6.371237458193980130e-01 8.223592608405422277e-01
6.421404682274247655e-01 8.726604936436048732e-01
6.471571906354515180e-01 9.271376418630468130e-01
6.521739130434782705e-01 9.858379605136903256e-01
6.571906354515050230e-01 1.048577802165785666e+00
6.622073578595317755e-01 1.114951401162944666e+00
6.672240802675585281e-01 1.184367423823275756e+00
6.722408026755852806e-01 1.256110381347461447e+00
6.772575250836120331e-01 1.329419216745250099e+00
6.822742474916387856e-01 1.403570264262289591e+00
6.872909698996655381e-01 1.477948294898955295e+00
6.923076923076922906e-01 1.552089855487450709e+00
6.973244147157190431e-01 1.625688969452680377e+00
7.023411371237457956e-01 1.698565636264440570e+00
7.073578595317725481e-01 1.770609059764628013e+00
7.123745819397993007e-01 1.841715449619169664e+00
7.173913043478260532e-01 1.911740824595806965e+00
7.224080267558528057e-01 1.980481840851823661e+00
7.274247491638796692e-01 2.047685395633826566e+00
7.324414715719064217e-01 2.113076190180411373e+00
7.374581939799331742e-01 2.176385832684155197e+00
7.424749163879599267e-01 2.237369648985146231e+00
7.474916387959866793e-01 2.295806200856809198e+00
7.525083612040134318e-01 2.351484569433700322e+00
7.575250836120401843e-01 2.404190376550276564e+00
7.625418060200669368e-01 2.453700429252243076e+00
7.675585284280936893e-01 2.499788875865021964e+00
7.725752508361204418e-01 2.542239212946018956e+00
7.775919732441471943e-01 2.580851607724534258e+00
7.826086956521739468e-01 2.615437082942147384e+00
7.876254180602006993e-01 2.645798684205034501e+00
7.926421404682274519e-01 2.671710666396280409e+00
7.976588628762542044e-01 2.692914053779052352e+00
8.026755852842809569e-01 2.709145746257293652e+00
8.076923076923077094e-01 2.720207304256275993e+00
8.127090301003344619e-01 2.726061872431328581e+00
8.177257525083612144e-01 2.726930247711231381e+00
8.227424749163879669e-01 2.723347687114063831e+00
8.277591973244147194e-01 2.716147208637372135e+00
8.327759197324414719e-01 2.706353535864696624e+00
8.377926421404682245e-01 2.694999565452564916e+00
8.428093645484949770e-01 2.682905243994660349e+00
8.478260869565217295e-01 2.670476925698823223e+00
8.528428093645484820e-01 2.657586152071467644e+00
8.578595317725752345e-01 2.643568411528546047e+00
8.628762541806019870e-01 2.627349584585818576e+00
8.678929765886287395e-01 2.607670776411338043e+00
8.729096989966554920e-01 2.583353545035095955e+00
8.779264214046822445e-01 2.553537189032073051e+00
8.829431438127091081e-01 2.517831351906116399e+00
8.879598662207358606e-01 2.476356189222201909e+00
8.929765886287626131e-01 2.429677705470783433e+00
8.979933110367893656e-01 2.378674575644028621e+00
9.030100334448161181e-01 2.324385169491204106e+00
9.080267558528428706e-01 2.267877123116935678e+00
9.130434782608696231e-01 2.210161877261254126e+00
9.180602006688963757e-01 2.152153167158487701e+00
9.230769230769231282e-01 2.094651622287741599e+00
9.280936454849498807e-01 2.038333283040793198e+00
9.331103678929766332e-01 1.983727564958112755e+00
9.381270903010033857e-01 1.931184266440551855e+00
9.431438127090301382e-01 1.880841724701098672e+00
9.481605351170568907e-01 1.832612924224077844e+00
9.531772575250836432e-01 1.786201398752868652e+00
9.581939799331103957e-01 1.741147261919800959e+00
9.632107023411371483e-01 1.696891972512481805e+00
9.682274247491639008e-01 1.652844722322213578e+00
9.732441471571906533e-01 1.608436524502711240e+00
9.782608695652174058e-01 1.563158145906220264e+00
9.832775919732441583e-01 1.516589001100933531e+00
9.882943143812709108e-01 1.468429324910654588e+00
9.933110367892976633e-01 1.418543766502272874e+00
9.983277591973244158e-01 1.367012754246909267e+00
1.003344481605351168e+00 1.314174996851217525e+00
1.008361204013378032e+00 1.260638036360218539e+00
1.013377926421404673e+00 1.207238606035981432e+00
1.018394648829431537e+00 1.154949707541242487e+00
1.023411371237458178e+00 1.104750449321591388e+00
1.028428093645485042e+00 1.057489215052779041e+00
1.033444816053511683e+00 1.013774142488913954e+00
1.038461538461538547e+00 9.739157826422865094e-01
1.043478260869565188e+00 9.379292707904315352e-01
1.048494983277592052e+00 9.055847512319000758e-01
1.053511705685618693e+00 8.764823386676229289e-01
1.058528428093645557e+00 8.501255697464290551e-01
1.063545150501672198e+00 8.259746518343021870e-01
1.068561872909699062e+00 8.034736776321047547e-01
1.073578595317725703e+00 7.820585420165796497e-01
1.078595317725752567e+00 7.611596159472480139e-01
1.083612040133779209e+00 7.402130664032913199e-01
1.088628762541806072e+00 7.186881784902059422e-01
1.093645484949832714e+00 6.961288291770558745e-01
1.098662207357859577e+00 6.721998232304571275e-01
1.103678929765886219e+00 6.467262458189194652e-01
1.108695652173913082e+00 6.197167409586676889e-01
1.113712374581939724e+00 5.913674594138106366e-01
1.118729096989966587e+00 5.620488470151316918e-01
1.123745819397993451e+00 5.322797353170733992e-01
1.128762541806020092e+00 5.026918718068819070e-01
1.133779264214046956e+00 4.739849827705452934e-01
1.138795986622073597e+00 4.468706821277395602e-01
1.143812709030100461e+00 4.220051827090843255e-01
1.148829431438127102e+00 3.999157738573287935e-01
1.153846153846153966e+00 3.809320603760398827e-01
1.158862876254180607e+00 3.651366560695096797e-01
1.163879598662207471e+00 3.523488488238379346e-01
1.168896321070234112e+00 3.421483349683171471e-01
1.173913043478260976e+00 3.339364525922172144e-01
1.178929765886287617e+00 3.270228089673618554e-01
1.183946488294314481e+00 3.207190475190923040e-01
1.188963210702341122e+00 3.144205914614868758e-01
1.193979933110367986e+00 3.076615066066544779e-01
1.198996655518394627e+00 3.001355386355475940e-01
1.204013377926421491e+00 2.916854623606446872e-01
1.209030100334448132e+00 2.822706359135571108e-01
1.214046822742474996e+00 2.719271010911659125e-01
1.219063545150501637e+00 2.607346220441525420e-01
1.224080267558528501e+00 2.488007496750835879e-01
1.229096989966555142e+00 2.362645972352425405e-01
1.234113712374582006e+00 2.233147870879234886e-01
1.239130434782608647e+00 2.102096817593791800e-01
1.244147157190635511e+00 1.972858057584149782e-01
1.249163879598662152e+00 1.849432799624607382e-01
1.254180602006689016e+00 1.736043940922240847e-01
1.259197324414715657e+00 1.636508658554190476e-01
1.264214046822742521e+00 1.553538014995943795e-01
1.269230769230769162e+00 1.488149897874272709e-01
1.274247491638796026e+00 1.439371406040846624e-01
1.279264214046822667e+00 1.404339312999050848e-01
1.284280936454849531e+00 1.378799994260277162e-01
1.289297658862876395e+00 1.357895286287457981e-01
1.294314381270903036e+00 1.337035795638590874e-01
1.299331103678929900e+00 1.312638724233693710e-01
1.304347826086956541e+00 1.282554325057672084e-01
1.309364548494983405e+00 1.246108592115424823e-01
1.314381270903010046e+00 1.203812415320165141e-01
1.319397993311036910e+00 1.156883881841267725e-01
1.324414715719063551e+00 1.106766296907372576e-01
1.329431438127090415e+00 1.054790968159592668e-01
1.334448160535117056e+00 1.002050414358533759e-01
1.339464882943143920e+00 9.494523865840240329e-02
1.344481605351170561e+00 8.978568273867247596e-02
1.349498327759197425e+00 8.481803418979348697e-02
1.354515050167224066e+00 8.013866336069366825e-02
1.359531772575250930e+00 7.583469929358892248e-02
1.364548494983277571e+00 7.196223888346445219e-02
1.369565217391304435e+00 6.852603361999053122e-02
1.374581939799331076e+00 6.547002044032364243e-02
1.379598662207357940e+00 6.268417776191329005e-02
1.384615384615384581e+00 6.002708161550542043e-02
1.389632107023411445e+00 5.735773151445224677e-02
1.394648829431438086e+00 5.456701415341536077e-02
1.399665551839464950e+00 5.159972349082687232e-02
1.404682274247491591e+00 4.846190087858304879e-02
1.409698996655518455e+00 4.521358912930208834e-02
1.414715719063545096e+00 4.195161045479810918e-02
1.419732441471571960e+00 3.878896022423419798e-02
1.424749163879598601e+00 3.583646762254907858e-02
1.429765886287625465e+00 3.318951426010046529e-02
1.434782608695652106e+00 3.091958031504028412e-02
1.439799331103678970e+00 2.906874315460719962e-02
1.444816053511705611e+00 2.764553327892692314e-02
1.449832775919732475e+00 2.662214734402067878e-02
1.454849498327759338e+00 2.593464053713516113e-02
1.459866220735785980e+00 2.548820562177457963e-02
1.464882943143812843e+00 2.516859353136345970e-02
1.469899665551839485e+00 2.485865018430288148e-02
1.474916387959866348e+00 2.445688396505468418e-02
1.479933110367892990e+00 2.389391255538159467e-02
1.484949832775919853e+00 2.314298822643540143e-02
1.489966555183946495e+00 2.222232458618972686e-02
1.494983277591973359e+00 2.118898058636774565e-02
1.500000000000000000e+00 2.012590135907964609e-02
