0.000000000000000000e+00 1.742890543176044138e-02
5.016722408026755980e-02 1.923695426696072491e-02
1.003344481605351196e-01 2.115166230809910342e-02
1.505016722408026864e-01 2.317043301364780927e-02
2.006688963210702392e-01 2.528977820333584356e-02
2.508361204013377921e-01 2.750534770664777445e-02
3.010033444816053727e-01 2.981197366140904761e-02
3.511705685618728978e-01 3.220372841651935464e-02
4.013377926421404784e-01 3.467399466964395799e-02
4.515050167224080591e-01 3.721554619723459190e-02
5.016722408026755842e-01 3.982063731740272811e-02
5.518394648829431093e-01 4.248109906826322280e-02
6.020066889632107454e-01 4.518843998866745731e-02
6.521739130434782705e-01 4.793394935241642590e-02
7.023411371237457956e-01 5.070880073087596224e-02
7.525083612040134318e-01 5.350415383705420941e-02
8.026755852842809569e-01 5.631125273282787391e-02
8.528428093645484820e-01 5.912151865316143950e-02
9.030100334448161181e-01 6.192663590960316433e-02
9.531772575250836432e-01 6.471862957212839995e-02
1.003344481605351168e+00 6.748993388312583830e-02
1.053511705685618693e+00 7.023345062259886418e-02
1.103678929765886219e+00 7.294259690640086946e-02
1.153846153846153966e+00 7.561134215420228788e-02
1.204013377926421491e+00 7.823423419815671298e-02
1.254180602006689016e+00 8.080641471367262796e-02
1.304347826086956541e+00 8.332362433230235121e-02
1.354515050167224066e+00 8.578219794312896829e-02
1.404682274247491591e+00 8.817905080187840583e-02
1.454849498327759338e+00 9.051165615042169876e-02
1.505016722408026864e+00 9.277801510711988775e-02
1.555183946488294389e+00 9.497661962970778415e-02
1.605351170568561914e+00 9.710640938422607227e-02
1.655518394648829439e+00 9.916672338459943392e-02
1.705685618729096964e+00 1.011572473061194133e-01
1.755852842809364489e+00 1.030779574279005462e-01
1.806020066889632236e+00 1.049290622264997253e-01
1.856187290969899761e+00 1.067109427261988819e-01
1.906354515050167286e+00 1.084240928057128434e-01
1.956521739130434812e+00 1.100690607585961683e-01
2.006688963210702337e+00 1.116463934953823151e-01
2.056856187290970084e+00 1.131565848452018019e-01
2.107023411371237387e+00 1.146000294502038108e-01
2.157190635451505134e+00 1.159769837347056909e-01
2.207357859531772437e+00 1.172875353594744208e-01
2.257525083612040184e+00 1.185315824331125978e-01
2.307692307692307931e+00 1.197088235435626175e-01
2.357859531772575234e+00 1.208187593919982927e-01
2.408026755852842982e+00 1.218607064685901520e-01
2.458193979933110285e+00 1.228338228119594394e-01
2.508361204013378032e+00 1.237371454606645271e-01
2.558528428093645335e+00 1.245696387513560849e-01
2.608695652173913082e+00 1.253302521668517300e-01
2.658862876254180829e+00 1.260179860072156988e-01
2.709030100334448132e+00 1.266319627703695605e-01
2.759197324414715879e+00 1.271715018013256926e-01
2.809364548494983183e+00 1.276361945192973357e-01
2.859531772575250930e+00 1.280259773672697277e-01
2.909698996655518677e+00 1.283411995629721858e-01
2.959866220735785980e+00 1.285826827629382441e-01
3.010033444816053727e+00 1.287517698885173312e-01
3.060200668896321030e+00 1.288503606006234925e-01
3.110367892976588777e+00 1.288809312464106183e-01
3.160535117056856080e+00 1.288465375299147619e-01
3.210702341137123828e+00 1.287507986721415365e-01
3.260869565217391575e+00 1.285978624138300330e-01
3.311036789297658878e+00 1.283923508645785361e-01
3.361204013377926625e+00 1.281392878963363013e-01
3.411371237458193928e+00 1.278440095025054901e-01
3.461538461538461675e+00 1.275120592666806607e-01
3.511705685618728978e+00 1.271490717868802856e-01
3.561872909698996725e+00 1.267606475434325530e-01
3.612040133779264472e+00 1.263522232560088943e-01
3.662207357859531776e+00 1.259289422066172670e-01
3.712374581939799523e+00 1.254955292823236312e-01
3.762541806020066826e+00 1.250561755817216625e-01
3.812709030100334573e+00 1.246144373111810338e-01
3.862876254180602320e+00 1.241731533552273004e-01
3.913043478260869623e+00 1.237343853384906822e-01
3.963210702341137370e+00 1.232993832123345374e-01
4.013377926421404673e+00 1.228685784250854590e-01
4.063545150501671976e+00 1.224416056047980261e-01
4.113712374581940168e+00 1.220173524522557978e-01
4.163879598662207471e+00 1.215940362675944630e-01
4.214046822742474774e+00 1.211693042868588061e-01
4.264214046822742965e+00 1.207403538553187688e-01
4.314381270903010268e+00 1.203040674812553695e-01
4.364548494983277571e+00 1.198571570608831516e-01
4.414715719063544874e+00 1.193963110926037491e-01
4.464882943143813065e+00 1.189183385411832633e-01
4.515050167224080369e+00 1.184203031898473507e-01
4.565217391304347672e+00 1.178996428225180110e-01
4.615384615384615863e+00 1.173542683893450400e-01
4.665551839464883166e+00 1.167826393775064781e-01
4.715719063545150469e+00 1.161838128773855783e-01
4.765886287625417772e+00 1.155574652245612566e-01
4.816053511705685963e+00 1.149038865270878285e-01
4.866220735785953266e+00 1.142239497699431422e-01
4.916387959866220569e+00 1.135190574398777380e-01
4.966555183946488761e+00 1.127910696613742964e-01
5.016722408026756064e+00 1.120422186168170964e-01
5.066889632107023367e+00 1.112750145000171997e-01
5.117056856187290670e+00 1.104921484008727917e-01
5.167224080267558861e+00 1.096963973400374992e-01
5.217391304347826164e+00 1.088905361890825790e-01
5.267558528428093467e+00 1.080772604655376029e-01
5.317725752508361658e+00 1.072591230390933653e-01
5.367892976588628962e+00 1.064384866978833749e-01
5.418060200668896265e+00 1.056174933734519150e-01
5.468227424749164456e+00 1.047980496902978925e-01
5.518394648829431759e+00 1.039818274608507453e-01
5.568561872909699062e+00 1.031702768526073788e-01
5.618729096989966365e+00 1.023646492650136103e-01
5.668896321070234556e+00 1.015660264992069156e-01
5.719063545150501859e+00 1.007753526086747897e-01
5.769230769230769162e+00 9.999346487776113179e-02
5.819397993311037354e+00 9.922112067938188007e-02
5.869565217391304657e+00 9.845901747607144205e-02
5.919732441471571960e+00 9.770780391591250835e-02
5.969899665551839263e+00 9.696808077946005022e-02
6.020066889632107454e+00 9.624039140686009575e-02
6.070234113712374757e+00 9.552520211335423228e-02
6.120401337792642060e+00 9.482287393642720164e-02
6.170568561872910252e+00 9.413362779237935407e-02
6.220735785953177555e+00 9.345750571667665874e-02
6.270903010033444858e+00 9.279433128076626514e-02
6.321070234113712161e+00 9.214367249785060388e-02
6.371237458193980352e+00 9.150481053700088019e-02
6.421404682274247655e+00 9.087671735847518972e-02
6.471571906354514958e+00 9.025804497389576520e-02
6.521739130434783149e+00 8.964712844535076275e-02
6.571906354515050452e+00 8.904200399977364733e-02
6.622073578595317755e+00 8.844044278851923013e-02
6.672240802675585059e+00 8.783999991666539831e-02
6.722408026755853250e+00 8.723807745008507752e-02
6.772575250836120553e+00 8.663199923850099793e-02
6.822742474916387856e+00 8.601909461586240702e-02
6.872909698996656047e+00 8.539678740845796368e-02
6.923076923076923350e+00 8.476268623185596873e-02
6.973244147157190653e+00 8.411467182354563643e-02
7.023411371237457956e+00 8.345097715589819276e-02
7.073578595317726148e+00 8.277025630915371690e-02
7.123745819397993451e+00 8.207163854773917577e-02
7.173913043478260754e+00 8.135476471090648254e-02
7.224080267558528945e+00 8.061980386585318459e-02
7.274247491638796248e+00 7.986744912947264796e-02
7.324414715719063551e+00 7.909889259144496643e-02
7.374581939799330854e+00 7.831578030455146888e-02
7.424749163879599045e+00 7.752014929145094324e-02
7.474916387959866348e+00 7.671434939281790433e-02
7.525083612040133652e+00 7.590095350205429414e-02
7.575250836120401843e+00 7.508266025843977898e-02
7.625418060200669146e+00 7.426219357813326760e-02
7.675585284280936449e+00 7.344220347933448634e-02
7.725752508361204640e+00 7.262517250846493855e-02
7.775919732441471943e+00 7.181333171264041304e-02
7.826086956521739246e+00 7.100858956235818475e-02
7.876254180602006549e+00 7.021247654079340594e-02
7.926421404682274741e+00 6.942610732936098372e-02
7.976588628762542044e+00 6.865016167828687232e-02
8.026755852842809347e+00 6.788488420171705229e-02
8.076923076923076650e+00 6.713010252172553483e-02
8.127090301003343953e+00 6.638526244091523532e-02
8.177257525083613032e+00 6.564947817653250806e-02
8.227424749163880335e+00 6.492159516153682419e-02
8.277591973244147638e+00 6.420026251964455755e-02
8.327759197324414941e+00 6.348401205723201712e-02
8.377926421404682245e+00 6.277134048114990650e-02
8.428093645484949548e+00 6.206079154015962246e-02
8.478260869565216851e+00 6.135103488915022441e-02
8.528428093645485930e+00 6.064093867475083000e-02
8.578595317725753233e+00 5.992963312713305013e-02
8.628762541806020536e+00 5.921656280301654252e-02
8.678929765886287839e+00 5.850152554664261872e-02
8.729096989966555142e+00 5.778469670997735813e-02
8.779264214046822445e+00 5.706663768936530434e-02
8.829431438127089748e+00 5.634828838338204471e-02
8.879598662207358828e+00 5.563094374536681208e-02
8.929765886287626131e+00 5.491621517936427083e-02
8.979933110367893434e+00 5.420597809579194570e-02
9.030100334448160737e+00 5.350230748558492538e-02
9.080267558528428040e+00 5.280740386613331366e-02
9.130434782608695343e+00 5.212351238100108863e-02
9.180602006688962646e+00 5.145283817256703085e-02
9.230769230769231726e+00 5.079746137348700036e-02
9.280936454849499029e+00 5.015925516019952707e-02
9.331103678929766332e+00 4.953981026597262943e-02
9.381270903010033635e+00 4.894036915514411029e-02
9.431438127090300938e+00 4.836177271375914632e-02
9.481605351170568241e+00 4.780442182454858885e-02
9.531772575250835544e+00 4.726825558161691643e-02
9.581939799331104624e+00 4.675274718993199102e-02
9.632107023411371927e+00 4.625691781764155325e-02
9.682274247491639230e+00 4.577936786511029033e-02
9.732441471571906533e+00 4.531832432404012123e-02
9.782608695652173836e+00 4.487170216600919193e-02
9.832775919732441139e+00 4.443717706203687001e-02
9.882943143812708442e+00 4.401226622897546487e-02
9.933110367892977521e+00 4.359441385294626076e-02
9.983277591973244824e+00 4.318107737332706891e-02
1.003344481605351213e+01 4.276981093176650955e-02
1.008361204013377943e+01 4.235834249596429762e-02
1.013377926421404673e+01 4.194464154470877587e-02
1.018394648829431404e+01 4.152697472418507424e-02
1.023411371237458134e+01 4.110394752473657543e-02
1.028428093645485042e+01 4.067453074371037147e-02
1.033444816053511772e+01 4.023807125252520239e-02
1.038461538461538503e+01 3.979428733321541123e-02
1.043478260869565233e+01 3.934324955077754538e-02
1.048494983277591963e+01 3.888534874901336535e-02
1.053511705685618693e+01 3.842125326891585729e-02
1.058528428093645424e+01 3.795185787131533789e-02
1.063545150501672332e+01 3.747822708576167838e-02
1.068561872909699062e+01 3.700153580406181225e-02
1.073578595317725792e+01 3.652300989308360918e-02
1.078595317725752523e+01 3.604386943128596449e-02
1.083612040133779253e+01 3.556527689314088053e-02
1.088628762541805983e+01 3.508829223905601813e-02
1.093645484949832891e+01 3.461383643821646511e-02
1.098662207357859621e+01 3.414266448418167010e-02
1.103678929765886352e+01 3.367534848109164647e-02
1.108695652173913082e+01 3.321227090488467620e-02
1.113712374581939812e+01 3.275362769735030988e-02
1.118729096989966543e+01 3.229944044759640309e-02
1.123745819397993273e+01 3.184957656750622701e-02
1.128762541806020181e+01 3.140377608397796477e-02
1.133779264214046911e+01 3.096168345715843637e-02
1.138795986622073642e+01 3.052288269333863421e-02
1.143812709030100372e+01 3.008693395470711865e-02
1.148829431438127102e+01 2.965340987462898939e-02
1.153846153846153832e+01 2.922192986378763929e-02
1.158862876254180563e+01 2.879219083538655730e-02
1.163879598662207471e+01 2.836399298079923109e-02
1.168896321070234201e+01 2.793725948354439798e-02
1.173913043478260931e+01 2.751204936047264848e-02
1.178929765886287662e+01 2.708856295334208242e-02
1.183946488294314392e+01 2.666713994970828713e-02
1.188963210702341122e+01 2.624825017402315774e-02
1.193979933110367853e+01 2.583247774272158861e-02
1.198996655518394761e+01 2.542049950377505557e-02
1.204013377926421491e+01 2.501305896461652675e-02
1.209030100334448221e+01 2.461093713660934476e-02
1.214046822742474951e+01 2.421492187474652558e-02
1.219063545150501682e+01 2.382577735732890195e-02
1.224080267558528412e+01 2.344421532512911202e-02
1.229096989966555142e+01 2.307086958138560365e-02
1.234113712374582050e+01 2.270627504765355964e-02
1.239130434782608781e+01 2.235085238599292951e-02
1.244147157190635511e+01 2.200489885206707852e-02
1.249163879598662241e+01 2.166858565708679532e-02
1.254180602006688972e+01 2.134196171449547971e-02
1.259197324414715702e+01 2.102496325632905588e-02
1.264214046822742432e+01 2.071742845134310132e-02
1.269230769230769340e+01 2.041911586650382859e-02
1.274247491638796070e+01 2.012972540593827714e-02
1.279264214046822801e+01 1.984892025088459688e-02
1.284280936454849531e+01 1.957634831799701797e-02
1.289297658862876261e+01 1.931166185009792341e-02
1.294314381270902992e+01 1.905453394454597466e-02
1.299331103678929722e+01 1.880467109318270311e-02
1.304347826086956630e+01 1.856182113232713454e-02
1.309364548494983360e+01 1.832577635507807653e-02
1.314381270903010090e+01 1.809637189345167721e-02
1.319397993311036821e+01 1.787347980712274478e-02
1.324414715719063551e+01 1.765699959479013689e-02
1.329431438127090281e+01 1.744684605396189248e-02
1.334448160535117012e+01 1.724293554303548900e-02
1.339464882943143920e+01 1.704517174047286490e-02
1.344481605351170650e+01 1.685343195268192498e-02
1.349498327759197380e+01 1.666755490391408009e-02
1.354515050167224111e+01 1.648733076416244309e-02
1.359531772575250841e+01 1.631249395360688872e-02
1.364548494983277571e+01 1.614271902662309591e-02
1.369565217391304301e+01 1.597761970580396582e-02
1.374581939799331209e+01 1.581675092630736509e-02
1.379598662207357940e+01 1.565961357836342938e-02
1.384615384615384670e+01 1.550566151128373454e-02
1.389632107023411400e+01 1.535431029034575907e-02
1.394648829431438131e+01 1.520494717743952652e-02
1.399665551839464861e+01 1.505694183102972324e-02
1.404682274247491591e+01 1.490965728083695589e-02
1.409698996655518499e+01 1.476246081491234749e-02
1.414715719063545230e+01 1.461473450807537419e-02
1.419732441471571960e+01 1.446588520823822478e-02
1.424749163879598690e+01 1.431535387048773339e-02
1.429765886287625420e+01 1.416262418057430243e-02
1.434782608695652151e+01 1.400723043623425430e-02
1.439799331103678881e+01 1.384876465705088718e-02
1.444816053511705789e+01 1.368688287535264718e-02
1.449832775919732519e+01 1.352131052880923244e-02
1.454849498327759250e+01 1.335184683851503920e-02
1.459866220735785980e+01 1.317836802336948450e-02
1.464882943143812710e+01 1.300082918087672873e-02
1.469899665551839441e+01 1.281926466262923482e-02
1.474916387959866171e+01 1.263378679351489370e-02
1.479933110367893079e+01 1.244458282816138933e-02
1.484949832775919809e+01 1.225191010413497796e-02
1.489966555183946539e+01 1.205608943394567527e-02
1.494983277591973270e+01 1.185749687006616530e-02
1.500000000000000000e+01 1.165655407058980436e-02
