0.000000000000000000e+00 1.183454605648919022e+00
5.016722408026755980e-03 1.177760263115649408e+00
1.003344481605351196e-02 1.150677043240021735e+00
1.505016722408026794e-02 1.103975477320540133e+00
2.006688963210702392e-02 1.040472149344840114e+00
2.508361204013377990e-02 9.637682861208568541e-01
3.010033444816053588e-02 8.779302411372699178e-01
3.511705685618729533e-02 7.871509793078860229e-01
4.013377926421404784e-02 6.954311844915770369e-01
4.515050167224080035e-02 6.063125676430135558e-01
5.016722408026755980e-02 5.226858421341623595e-01
5.518394648829431925e-02 4.466837224975943599e-01
6.020066889632107177e-02 3.796573720280730369e-01
6.521739130434782428e-02 3.222248264720521393e-01
7.023411371237459067e-02 2.743732739420513544e-01
7.525083612040134318e-02 2.355941280591875575e-01
8.026755852842809569e-02 2.050303278699068810e-01
8.528428093645484820e-02 1.816184393952112452e-01
9.030100334448160071e-02 1.642128517797432630e-01
9.531772575250836710e-02 1.516845728897382450e-01
1.003344481605351196e-01 1.429919392594314331e-01
1.053511705685618721e-01 1.372243714513376178e-01
1.103678929765886385e-01 1.336228657410282739e-01
1.153846153846153910e-01 1.315822374151386920e-01
1.204013377926421435e-01 1.306404347701050073e-01
1.254180602006688960e-01 1.304598339613735891e-01
1.304347826086956486e-01 1.308046160611891218e-01
1.354515050167224011e-01 1.315173769786227298e-01
1.404682274247491813e-01 1.324972032998168181e-01
1.454849498327759338e-01 1.336806543975285477e-01
1.505016722408026864e-01 1.350264499579257593e-01
1.555183946488294389e-01 1.365041597885468805e-01
1.605351170568561914e-01 1.380868024024428098e-01
1.655518394648829439e-01 1.397469567898175502e-01
1.705685618729096964e-01 1.414557662189745990e-01
1.755852842809364489e-01 1.431840639258823156e-01
1.806020066889632014e-01 1.449047844227740467e-01
1.856187290969899817e-01 1.465958455957469542e-01
1.906354515050167342e-01 1.482427923937930103e-01
1.956521739130434867e-01 1.498406680006221514e-01
2.006688963210702392e-01 1.513947975002566670e-01
2.056856187290969917e-01 1.529204000987555989e-01
2.107023411371237442e-01 1.544411559759017172e-01
2.157190635451504968e-01 1.559870148963742320e-01
2.207357859531772770e-01 1.575916274547523865e-01
2.257525083612040295e-01 1.592897997341594374e-01
2.307692307692307820e-01 1.611153234387321664e-01
2.357859531772575346e-01 1.630994310768011657e-01
2.408026755852842871e-01 1.652699907788259259e-01
2.458193979933110396e-01 1.676514118252289687e-01
2.508361204013377921e-01 1.702651031537038562e-01
2.558528428093645446e-01 1.731302326608767372e-01
2.608695652173912971e-01 1.762644888082642025e-01
2.658862876254180496e-01 1.796845545301375691e-01
2.709030100334448021e-01 1.834060652902801125e-01
2.759197324414715546e-01 1.874429289943291277e-01
2.809364548494983627e-01 1.918060187823666940e-01
2.859531772575251152e-01 1.965013886729504167e-01
2.909698996655518677e-01 2.015282824301502240e-01
2.959866220735786202e-01 2.068772851138677149e-01
3.010033444816053727e-01 2.125289874605920115e-01
3.060200668896321252e-01 2.184534879627304804e-01
3.110367892976588777e-01 2.246109507363975022e-01
3.160535117056856302e-01 2.309532858492962526e-01
3.210702341137123828e-01 2.374268495526085376e-01
3.260869565217391353e-01 2.439759066402895915e-01
3.311036789297658878e-01 2.505464860074034239e-01
3.361204013377926403e-01 2.570902147467665766e-01
3.411371237458193928e-01 2.635677430753037842e-01
3.461538461538461453e-01 2.699514630072196164e-01
3.511705685618728978e-01 2.762273545844324829e-01
3.561872909698996503e-01 2.823959325618412564e-01
3.612040133779264028e-01 2.884723812332284920e-01
3.662207357859532109e-01 2.944860312447567519e-01
3.712374581939799634e-01 3.004793401224226113e-01
3.762541806020067159e-01 3.065064953635368017e-01
3.812709030100334684e-01 3.126316876721939031e-01
3.862876254180602209e-01 3.189270328051785341e-01
3.913043478260869734e-01 3.254700831591832988e-01
3.963210702341137259e-01 3.323408843466249540e-01
4.013377926421404784e-01 3.396186010334239502e-01
4.063545150501672309e-01 3.473778457710911538e-01
4.113712374581939835e-01 3.556849655012463418e-01
4.163879598662207360e-01 3.645946371012829812e-01
4.214046822742474885e-01 3.741471630901944678e-01
4.264214046822742410e-01 3.843668210526353657e-01
4.314381270903009935e-01 3.952615035810532196e-01
4.364548494983277460e-01 4.068237075432341587e-01
4.414715719063545540e-01 4.190327262563535160e-01
4.464882943143813065e-01 4.318577077543812592e-01
4.515050167224080591e-01 4.452611068532795202e-01
4.565217391304348116e-01 4.592020067327531874e-01
4.615384615384615641e-01 4.736388277852219830e-01
4.665551839464883166e-01 4.885310679638505960e-01
4.715719063545150691e-01 5.038399030053498651e-01
4.765886287625418216e-01 5.195276795854225638e-01
4.816053511705685741e-01 5.355565211484635268e-01
4.866220735785953266e-01 5.518864035361016329e-01
4.916387959866220791e-01 5.684731276677542633e-01
4.966555183946488317e-01 5.852666170330688145e-01
5.016722408026755842e-01 6.022099099230759922e-01
5.066889632107023367e-01 6.192391199160219850e-01
5.117056856187290892e-01 6.362845247777640934e-01
5.167224080267558417e-01 6.532728311495632489e-01
5.217391304347825942e-01 6.701305600119180639e-01
5.267558528428093467e-01 6.867884077463974890e-01
5.317725752508360992e-01 7.031863562041062998e-01
5.367892976588628517e-01 7.192792282611819576e-01
5.418060200668896043e-01 7.350423123024232286e-01
5.468227424749163568e-01 7.504766156658350118e-01
5.518394648829431093e-01 7.656132652052695109e-01
5.568561872909698618e-01 7.805165677207828168e-01
5.618729096989967253e-01 7.952852870387826512e-01
5.668896321070234778e-01 8.100517938150878505e-01
5.719063545150502303e-01 8.249788938717794728e-01
5.769230769230769829e-01 8.402543251992231621e-01
5.819397993311037354e-01 8.560831087266385087e-01
5.869565217391304879e-01 8.726781172607569470e-01
5.919732441471572404e-01 8.902493685329512241e-01
5.969899665551839929e-01 9.089926397998362440e-01
6.020066889632107454e-01 9.290780430819806091e-01
6.070234113712374979e-01 9.506392032670344383e-01
6.120401337792642504e-01 9.737636635078836811e-01
6.170568561872910029e-01 9.984851200057274223e-01
6.220735785953177555e-01 1.024778069038721595e+00
6.270903010033445080e-01 1.052555426609778966e+00
6.321070234113712605e-01 1.081669633995318680e+00
6.371237458193980130e-01 1.111917658877920267e+00
6.421404682274247655e-01 1.143050108509484630e+00
6.471571906354515180e-01 1.174784366543929925e+00
6.521739130434782705e-01 1.206821250258136136e+00
6.571906354515050230e-01 1.238864193180677864e+00
6.622073578595317755e-01 1.270639456214734730e+00
6.672240802675585281e-01 1.301915450327177703e+00
6.722408026755852806e-01 1.332519017254313765e+00
6.772575250836120331e-01 1.362346549987707434e+00
6.822742474916387856e-01 1.391368194274686498e+00
6.872909698996655381e-01 1.419624053235106986e+00
6.923076923076922906e-01 1.447212253172339702e+00
6.973244147157190431e-01 1.474269794960381796e+00
7.023411371237457956e-01 1.500948147672352739e+00
7.073578595317725481e-01 1.527386364978500222e+00
7.123745819397993007e-01 1.553684969984686415e+00
7.173913043478260532e-01 1.579883865466115145e+00
7.224080267558528057e-01 1.605947064860227425e+00
7.274247491638796692e-01 1.631756167872363328e+00
7.324414715719064217e-01 1.657113357434037537e+00
7.374581939799331742e-01 1.681753452827986273e+00
7.424749163879599267e-01 1.705363410709798577e+00
7.474916387959866793e-01 1.727606792671463998e+00
7.525083612040134318e-01 1.748150233927746822e+00
7.575250836120401843e-01 1.766688900986519872e+00
7.625418060200669368e-01 1.782968290318012849e+00
7.675585284280936893e-01 1.796800403874353025e+00
7.725752508361204418e-01 1.808073206259622090e+00
7.775919732441471943e-01 1.816753172221459378e+00
7.826086956521739468e-01 1.822881534034812123e+00
7.876254180602006993e-01 1.826565433510694891e+00
7.926421404682274519e-01 1.827965518664784295e+00
7.976588628762542044e-01 1.827281597594655249e+00
8.026755852842809569e-01 1.824737812575956575e+00
8.076923076923077094e-01 1.820568495514173657e+00
8.127090301003344619e-01 1.815005492646203367e+00
8.177257525083612144e-01 1.808267377596831871e+00
8.227424749163879669e-01 1.800550666200699590e+00
8.277591973244147194e-01 1.792022939168902651e+00
8.327759197324414719e-01 1.782817681074813088e+00
8.377926421404682245e-01 1.773030647043537522e+00
8.428093645484949770e-01 1.762717647459281611e+00
8.478260869565217295e-01 1.751893761796424309e+00
8.528428093645484820e-01 1.740534116575800594e+00
8.578595317725752345e-01 1.728576450828650302e+00
8.628762541806019870e-01 1.715925711764316297e+00
8.678929765886287395e-01 1.702460850481553711e+00
8.729096989966554920e-01 1.688043815399097092e+00
8.779264214046822445e-01 1.672530482768453952e+00
8.829431438127091081e-01 1.655782954001491447e+00
8.879598662207358606e-01 1.637682341971696376e+00
8.929765886287626131e-01 1.618140926580631467e+00
8.979933110367893656e-01 1.597112445191600782e+00
9.030100334448161181e-01 1.574599341101573291e+00
9.080267558528428706e-01 1.550656039190199564e+00
9.130434782608696231e-01 1.525387732180971900e+00
9.180602006688963757e-01 1.498944687712621793e+00
9.230769230769231282e-01 1.471512642864391207e+00
9.280936454849498807e-01 1.443300345021451436e+00
9.331103678929766332e-01 1.414525640318713418e+00
9.381270903010033857e-01 1.385401644208051453e+00
9.431438127090301382e-01 1.356124433279208175e+00
9.481605351170568907e-01 1.326863397345606543e+00
9.531772575250836432e-01 1.297754948267810349e+00
9.581939799331103957e-01 1.268899783468905751e+00
9.632107023411371483e-01 1.240363439048715266e+00
9.682274247491639008e-01 1.212179516464282347e+00
9.732441471571906533e-01 1.184354774141992861e+00
9.782608695652174058e-01 1.156875249140161266e+00
9.832775919732441583e-01 1.129712685515234627e+00
9.882943143812709108e-01 1.102830740556391520e+00
9.933110367892976633e-01 1.076190652565799599e+00
9.983277591973244158e-01 1.049756226733656428e+00
1.003344481605351168e+00 1.023498092834754569e+00
1.008361204013378032e+00 9.973972030400886091e-01
1.013377926421404673e+00 9.714474912741700718e-01
1.018394648829431537e+00 9.456575478459713358e-01
1.023411371237458178e+00 9.200511206992629809e-01
1.028428093645485042e+00 8.946662745677838036e-01
1.033444816053511683e+00 8.695531378576617509e-01
1.038461538461538547e+00 8.447703344832726557e-01
1.043478260869565188e+00 8.203804007533449516e-01
1.048494983277592052e+00 7.964446776851267229e-01
1.053511705685618693e+00 7.730182971942403114e-01
1.058528428093645557e+00 7.501459087599265940e-01
1.063545150501672198e+00 7.278587059236243384e-01
1.068561872909699062e+00 7.061731205005117307e-01
1.073578595317725703e+00 6.850912921056588889e-01
1.078595317725752567e+00 6.646031427296359428e-01
1.083612040133779209e+00 6.446896454638854079e-01
1.088628762541806072e+00 6.253267186952462531e-01
1.093645484949832714e+00 6.064891284864134535e-01
1.098662207357859577e+00 5.881538443250683423e-01
1.103678929765886219e+00 5.703024454430617451e-01
1.108695652173913082e+00 5.529223780233758490e-01
1.113712374581939724e+00 5.360070725460219787e-01
1.118729096989966587e+00 5.195551040646581020e-01
1.123745819397993451e+00 5.035686881383495406e-01
1.128762541806020092e+00 4.880518411394117462e-01
1.133779264214046956e+00 4.730085032408105628e-01
1.138795986622073597e+00 4.584408465708253444e-01
1.143812709030100461e+00 4.443478972170969987e-01
1.148829431438127102e+00 4.307245141562830448e-01
1.153846153846153966e+00 4.175607095812034486e-01
1.158862876254180607e+00 4.048412715721229072e-01
1.163879598662207471e+00 3.925456587736875780e-01
1.168896321070234112e+00 3.806481664120681119e-01
1.173913043478260976e+00 3.691183979165984508e-01
1.178929765886287617e+00 3.579221008461125342e-01
1.183946488294314481e+00 3.470224276594089385e-01
1.188963210702341122e+00 3.363816550716561826e-01
1.193979933110367986e+00 3.259633412800975738e-01
1.198996655518394627e+00 3.157348257853588858e-01
1.204013377926421491e+00 3.056698944975508314e-01
1.209030100334448132e+00 2.957513586465685407e-01
1.214046822742474996e+00 2.859732450490481970e-01
1.219063545150501637e+00 2.763422800867153528e-01
1.224080267558528501e+00 2.668783778119510619e-01
1.229096989966555142e+00 2.576139148960789327e-01
1.234113712374582006e+00 2.485916858576919797e-01
1.239130434782608647e+00 2.398615694647978913e-01
1.244147157190635511e+00 2.314760856931999400e-01
1.249163879598662152e+00 2.234851647605098079e-01
1.254180602006689016e+00 2.159305687410885688e-01
1.259197324414715657e+00 2.088404876639461116e-01
1.264214046822742521e+00 2.022248648825607231e-01
1.269230769230769162e+00 1.960719841244566441e-01
1.274247491638796026e+00 1.903467708167269345e-01
1.279264214046822667e+00 1.849911259524653628e-01
1.284280936454849531e+00 1.799264304492733946e-01
1.289297658862876395e+00 1.750581462163347812e-01
1.294314381270903036e+00 1.702822173411340234e-01
1.299331103678929900e+00 1.654927657454273449e-01
1.304347826086956541e+00 1.605904069709530313e-01
1.309364548494983405e+00 1.554904080833708069e-01
1.314381270903010046e+00 1.501298893926329425e-01
1.319397993311036910e+00 1.444733430033230126e-01
1.324414715719063551e+00 1.385158997768628497e-01
1.329431438127090415e+00 1.322840049034542109e-01
1.334448160535117056e+00 1.258334329975376309e-01
1.339464882943143920e+00 1.192448519361818532e-01
1.344481605351170561e+00 1.126173949199240909e-01
1.349498327759197425e+00 1.060608913002276943e-01
1.354515050167224066e+00 9.968751664045988337e-02
1.359531772575250930e+00 9.360364149413283319e-02
1.364548494983277571e+00 8.790258972451953090e-02
1.369565217391304435e+00 8.265887572546257167e-02
1.374581939799331076e+00 7.792429904255011863e-02
1.379598662207357940e+00 7.372606239325175947e-02
1.384615384615384581e+00 7.006687257896213050e-02
1.389632107023411445e+00 6.692680679143608868e-02
1.394648829431438086e+00 6.426659584006674808e-02
1.399665551839464950e+00 6.203189888450961337e-02
1.404682274247491591e+00 6.015812096068352127e-02
1.409698996655518455e+00 5.857534755533164161e-02
1.414715719063545096e+00 5.721302769454502529e-02
1.419732441471571960e+00 5.600411457137910443e-02
1.424749163879598601e+00 5.488845750598059930e-02
1.429765886287625465e+00 5.381532063676569555e-02
1.434782608695652106e+00 5.274497568732132435e-02
1.439799331103678970e+00 5.164937592163096336e-02
1.444816053511705611e+00 5.051196666887475956e-02
1.449832775919732475e+00 4.932672707896890857e-02
1.454849498327759338e+00 4.809657084700192514e-02
1.459866220735785980e+00 4.683126223633757301e-02
1.464882943143812843e+00 4.554502767762736576e-02
1.469899665551839485e+00 4.425406039100052147e-02
1.474916387959866348e+00 4.297412236289659127e-02
1.479933110367892990e+00 4.171844083672629488e-02
1.484949832775919853e+00 4.049607252784485911e-02
1.489966555183946495e+00 3.931086753112057741e-02
1.494983277591973359e+00 3.816110871188432146e-02
1.500000000000000000e+00 3.703983648445251242e-02
