0.000000000000000000e+00 1.212904830897284514e+00
5.016722408026755980e-03 1.207106615359150315e+00
1.003344481605351196e-02 1.177540780669130260e+00
1.505016722408026794e-02 1.126341639235650005e+00
2.006688963210702392e-02 1.056889378574437544e+00
2.508361204013377990e-02 9.734673316669875121e-01
3.010033444816053588e-02 8.808492032558032925e-01
3.511705685618729533e-02 7.838710252555014524e-01
4.013377926421404784e-02 6.870402979673857491e-01
4.515050167224080035e-02 5.942243882989400872e-01
5.016722408026755980e-02 5.084444321844707737e-01
5.518394648829431925e-02 4.317831243038921518e-01
6.020066889632107177e-02 3.653982319259417300e-01
6.521739130434782428e-02 3.096210620635697630e-01
7.023411371237459067e-02 2.641118966870102946e-01
7.525083612040134318e-02 2.280427794946906783e-01
8.026755852842809569e-02 2.002811146092713934e-01
8.528428093645484820e-02 1.795537761245444286e-01
9.030100334448160071e-02 1.645790653797069292e-01
9.531772575250836710e-02 1.541613092568783761e-01
1.003344481605351196e-01 1.472490294350110585e-01
1.053511705685618721e-01 1.429618339847779640e-01
1.103678929765886385e-01 1.405933962690437966e-01
1.153846153846153910e-01 1.395983703698424339e-01
1.204013377926421435e-01 1.395703304955572821e-01
1.254180602006688960e-01 1.402163478794970219e-01
1.304347826086956486e-01 1.413321039849620986e-01
1.354515050167224011e-01 1.427798303045341721e-01
1.404682274247491813e-01 1.444700685267886753e-01
1.454849498327759338e-01 1.463473405519955806e-01
1.505016722408026864e-01 1.483792925537874008e-01
1.555183946488294389e-01 1.505486607403783983e-01
1.605351170568561914e-01 1.528474036842274730e-01
1.655518394648829439e-01 1.552724618893240038e-01
1.705685618729096964e-01 1.578227601024242976e-01
1.755852842809364489e-01 1.604972060375902954e-01
1.806020066889632014e-01 1.632935306916183937e-01
1.856187290969899817e-01 1.662078533961338922e-01
1.906354515050167342e-01 1.692348495067320657e-01
1.956521739130434867e-01 1.723683701761552778e-01
2.006688963210702392e-01 1.756023339460788257e-01
2.056856187290969917e-01 1.789316963040678554e-01
2.107023411371237442e-01 1.823533146679396089e-01
2.157190635451504968e-01 1.858665616022339984e-01
2.207357859531772770e-01 1.894735899080897956e-01
2.257525083612040295e-01 1.931792073961738354e-01
2.307692307692307820e-01 1.969903656374449863e-01
2.357859531772575346e-01 2.009152998499425247e-01
2.408026755852842871e-01 2.049623772117573073e-01
2.458193979933110396e-01 2.091387250412007903e-01
2.508361204013377921e-01 2.134487276437952996e-01
2.558528428093645446e-01 2.178925082293700355e-01
2.608695652173912971e-01 2.224645506751667667e-01
2.658862876254180496e-01 2.271526570335179740e-01
2.709030100334448021e-01 2.319374648463360944e-01
2.759197324414715546e-01 2.367927444567149986e-01
2.809364548494983627e-01 2.416866445584279488e-01
2.859531772575251152e-01 2.465839478480451041e-01
2.909698996655518677e-01 2.514492460279375008e-01
2.959866220735786202e-01 2.562507680784825159e-01
3.010033444816053727e-01 2.609644328619344367e-01
3.060200668896321252e-01 2.655775857012890873e-01
3.110367892976588777e-01 2.700918513149572764e-01
3.160535117056856302e-01 2.745246094280646143e-01
3.210702341137123828e-01 2.789087698773033974e-01
3.260869565217391353e-01 2.832907641534602172e-01
3.311036789297658878e-01 2.877269362177748424e-01
3.361204013377926403e-01 2.922787563135159639e-01
3.411371237458193928e-01 2.970074517614372800e-01
3.461538461538461453e-01 3.019687186767623932e-01
3.511705685618728978e-01 3.072081408499211519e-01
3.561872909698996503e-01 3.127578121807027545e-01
3.612040133779264028e-01 3.186344698978694767e-01
3.662207357859532109e-01 3.248392380388544498e-01
3.712374581939799634e-01 3.313588923000637121e-01
3.762541806020067159e-01 3.381684151488962287e-01
3.812709030100334684e-01 3.452345252508965956e-01
3.862876254180602209e-01 3.525198342011302555e-01
3.913043478260869734e-01 3.599872924390989937e-01
3.963210702341137259e-01 3.676046175407543526e-01
4.013377926421404784e-01 3.753484365477703366e-01
4.063545150501672309e-01 3.832079102104268831e-01
4.113712374581939835e-01 3.911876380645055717e-01
4.163879598662207360e-01 3.993096708749208634e-01
4.214046822742474885e-01 4.076144847017486028e-01
4.264214046822742410e-01 4.161608016805455335e-01
4.314381270903009935e-01 4.250241781819983355e-01
4.364548494983277460e-01 4.342943223585276069e-01
4.414715719063545540e-01 4.440711522590201077e-01
4.464882943143813065e-01 4.544596669310566606e-01
4.515050167224080591e-01 4.655637821967681389e-01
4.565217391304348116e-01 4.774793851782465071e-01
4.615384615384615641e-01 4.902869872183331368e-01
4.665551839464883166e-01 5.040444942535255990e-01
4.715719063545150691e-01 5.187807456535571404e-01
4.765886287625418216e-01 5.344905648101447859e-01
4.816053511705685741e-01 5.511320795819486529e-01
4.866220735785953266e-01 5.686269741230066677e-01
4.916387959866220791e-01 5.868641066223776459e-01
4.966555183946488317e-01 6.057065757622335234e-01
5.016722408026755842e-01 6.250018778120505214e-01
5.066889632107023367e-01 6.445943294938577539e-01
5.117056856187290892e-01 6.643385201583473787e-01
5.167224080267558417e-01 6.841122830926126275e-01
5.217391304347825942e-01 7.038276055584609114e-01
5.267558528428093467e-01 7.234380625872860460e-01
5.317725752508360992e-01 7.429417497450880870e-01
5.367892976588628517e-01 7.623792512175157077e-01
5.418060200668896043e-01 7.818268249063076158e-01
5.468227424749163568e-01 8.013856135323323970e-01
5.518394648829431093e-01 8.211682026162711034e-01
5.568561872909698618e-01 8.412841683727202424e-01
5.618729096989967253e-01 8.618263517917803540e-01
5.668896321070234778e-01 8.828594589200022824e-01
5.719063545150502303e-01 9.044122551484906625e-01
5.769230769230769829e-01 9.264741506239343449e-01
5.819397993311037354e-01 9.489964335141859442e-01
5.869565217391304879e-01 9.718978662722116413e-01
5.919732441471572404e-01 9.950738769386529015e-01
5.969899665551839929e-01 1.018408199083088883e+00
6.020066889632107454e-01 1.041785571472916949e+00
6.070234113712374979e-01 1.065104018814083675e+00
6.120401337792642504e-01 1.088285301433539853e+00
6.170568561872910029e-01 1.111282335579750535e+00
6.220735785953177555e-01 1.134082726051599099e+00
6.270903010033445080e-01 1.156707986601224425e+00
6.321070234113712605e-01 1.179208508306916592e+00
6.371237458193980130e-01 1.201654821949254437e+00
6.421404682274247655e-01 1.224126134514546882e+00
6.471571906354515180e-01 1.246697452355286950e+00
6.521739130434782705e-01 1.269426793327011582e+00
6.571906354515050230e-01 1.292344011032119822e+00
6.622073578595317755e-01 1.315442598357418946e+00
6.672240802675585281e-01 1.338675517204773513e+00
6.722408026755852806e-01 1.361955648483617054e+00
6.772575250836120331e-01 1.385160919006547919e+00
6.822742474916387856e-01 1.408143599113296229e+00
6.872909698996655381e-01 1.430742741129757745e+00
6.923076923076922906e-01 1.452798307522225052e+00
6.973244147157190431e-01 1.474165274699561268e+00
7.023411371237457956e-01 1.494725935849605669e+00
7.073578595317725481e-01 1.514398786229431026e+00
7.123745819397993007e-01 1.533142754132583052e+00
7.173913043478260532e-01 1.550956108872505901e+00
7.224080267558528057e-01 1.567870072695783046e+00
7.274247491638796692e-01 1.583937899938925531e+00
7.324414715719064217e-01 1.599220860494354524e+00
7.374581939799331742e-01 1.613773069496810431e+00
7.424749163879599267e-01 1.627627349836140436e+00
7.474916387959866793e-01 1.640784240637208846e+00
7.525083612040134318e-01 1.653205863293449651e+00
7.575250836120401843e-01 1.664815672396968704e+00
7.625418060200669368e-01 1.675504249711903482e+00
7.675585284280936893e-01 1.685140381181874814e+00
7.725752508361204418e-01 1.693585840995730507e+00
7.775919732441471943e-01 1.700711731486648448e+00
7.826086956521739468e-01 1.706413992176892602e+00
7.876254180602006993e-01 1.710625835513972959e+00
7.926421404682274519e-01 1.713325363103020749e+00
7.976588628762542044e-01 1.714537374545914039e+00
8.026755852842809569e-01 1.714329266755897807e+00
8.076923076923077094e-01 1.712801782230135350e+00
8.127090301003344619e-01 1.710076059177002783e+00
8.177257525083612144e-01 1.706278861543688130e+00
8.227424749163879669e-01 1.701527975240491930e+00
8.277591973244147194e-01 1.695919561300936795e+00
8.327759197324414719e-01 1.689518823502810685e+00
8.377926421404682245e-01 1.682354777938196877e+00
8.428093645484949770e-01 1.674419316704595095e+00
8.478260869565217295e-01 1.665670235302867175e+00
8.528428093645484820e-01 1.656037509729464174e+00
8.578595317725752345e-01 1.645431890283308274e+00
8.628762541806019870e-01 1.633754812081252394e+00
8.678929765886287395e-01 1.620908667503098588e+00
8.729096989966554920e-01 1.606806593357569701e+00
8.779264214046822445e-01 1.591381052141034314e+00
8.829431438127091081e-01 1.574590607820623100e+00
8.879598662207358606e-01 1.556424410748506348e+00
8.929765886287626131e-01 1.536904031334322518e+00
8.979933110367893656e-01 1.516082443982925465e+00
9.030100334448161181e-01 1.494040182035224706e+00
9.080267558528428706e-01 1.470878963702758391e+00
9.130434782608696231e-01 1.446713405984469292e+00
9.180602006688963757e-01 1.421661751824521591e+00
9.230769230769231282e-01 1.395836772961633221e+00
9.280936454849498807e-01 1.369338113166090443e+00
9.331103678929766332e-01 1.342247254912385834e+00
9.381270903010033857e-01 1.314626007595734558e+00
9.431438127090301382e-01 1.286518946193551560e+00
9.481605351170568907e-01 1.257959634127899573e+00
9.531772575250836432e-01 1.228979832851278431e+00
9.581939799331103957e-01 1.199620339742195396e+00
9.632107023411371483e-01 1.169941708948226466e+00
9.682274247491639008e-01 1.140032978079316139e+00
9.732441471571906533e-01 1.110016689507173249e+00
9.782608695652174058e-01 1.080048952133045637e+00
9.832775919732441583e-01 1.050313981385757822e+00
9.882943143812709108e-01 1.021013382683505721e+00
9.933110367892976633e-01 9.923512797740996483e-01
9.983277591973244158e-01 9.645171000187141575e-01
1.003344481605351168e+00 9.376682943757493893e-01
1.008361204013378032e+00 9.119154063399269594e-01
1.013377926421404673e+00 8.873116774380551686e-01
1.018394648829431537e+00 8.638488106020872914e-01
1.023411371237458178e+00 8.414596856175659001e-01
1.028428093645485042e+00 8.200278554245407081e-01
1.033444816053511683e+00 7.994026954314912281e-01
1.038461538461538547e+00 7.794182779976284170e-01
1.043478260869565188e+00 7.599135247919222014e-01
1.048494983277592052e+00 7.407510300286687110e-01
1.053511705685618693e+00 7.218321685253497044e-01
1.058528428093645557e+00 7.031066634534147708e-01
1.063545150501672198e+00 6.845755948918099687e-01
1.068561872909699062e+00 6.662877504310538157e-01
1.073578595317725703e+00 6.483301086424666515e-01
1.078595317725752567e+00 6.308139731636080993e-01
1.083612040133779209e+00 6.138587420349523871e-01
1.088628762541806072e+00 5.975754556854941946e-01
1.093645484949832714e+00 5.820521233282200946e-01
1.098662207357859577e+00 5.673424349022270219e-01
1.103678929765886219e+00 5.534589103999799642e-01
1.108695652173913082e+00 5.403709200352651010e-01
1.113712374581939724e+00 5.280074202372536663e-01
1.118729096989966587e+00 5.162637626180329731e-01
1.123745819397993451e+00 5.050115858200526775e-01
1.128762541806020092e+00 4.941106025424109593e-01
1.133779264214046956e+00 4.834210311708425079e-01
1.138795986622073597e+00 4.728154657771683200e-01
1.143812709030100461e+00 4.621891014791896790e-01
1.148829431438127102e+00 4.514674138260435510e-01
1.153846153846153966e+00 4.406106215495296796e-01
1.158862876254180607e+00 4.296145402088413778e-01
1.163879598662207471e+00 4.185077587289942058e-01
1.168896321070234112e+00 4.073454314358921358e-01
1.173913043478260976e+00 3.962003489159603986e-01
1.178929765886287617e+00 3.851522886596545070e-01
1.183946488294314481e+00 3.742768962598257421e-01
1.188963210702341122e+00 3.636354556794622050e-01
1.193979933110367986e+00 3.532668340802871398e-01
1.198996655518394627e+00 3.431826234010815213e-01
1.204013377926421491e+00 3.333660745054074503e-01
1.209030100334448132e+00 3.237748926287807305e-01
1.214046822742474996e+00 3.143474213989829735e-01
1.219063545150501637e+00 3.050112791180378813e-01
1.224080267558528501e+00 2.956932031255482540e-01
1.229096989966555142e+00 2.863287524732797684e-01
1.234113712374582006e+00 2.768706221649213650e-01
1.239130434782608647e+00 2.672946010822125906e-01
1.244147157190635511e+00 2.576025987953839969e-01
1.249163879598662152e+00 2.478225991563336172e-01
1.254180602006689016e+00 2.380058000971216892e-01
1.259197324414715657e+00 2.282215155243065285e-01
1.264214046822742521e+00 2.185506163624468812e-01
1.269230769230769162e+00 2.090783669186850879e-01
1.274247491638796026e+00 1.998874813163740438e-01
1.279264214046822667e+00 1.910521050278977395e-01
1.284280936454849531e+00 1.826332446926582642e-01
1.289297658862876395e+00 1.746759512513589852e-01
1.294314381270903036e+00 1.672083310171807169e-01
1.299331103678929900e+00 1.602422394022673946e-01
1.304347826086956541e+00 1.537753247289068148e-01
1.309364548494983405e+00 1.477939556428287393e-01
1.314381270903010046e+00 1.422765019620159388e-01
1.319397993311036910e+00 1.371964543763994349e-01
1.324414715719063551e+00 1.325249607716512679e-01
1.329431438127090415e+00 1.282325102753352486e-01
1.334448160535117056e+00 1.242896827252255448e-01
1.339464882943143920e+00 1.206670664437910212e-01
1.344481605351170561e+00 1.173345965932908880e-01
1.349498327759197425e+00 1.142606537286119661e-01
1.354515050167224066e+00 1.114112753339739498e-01
1.359531772575250930e+00 1.087497765182230680e-01
1.364548494983277571e+00 1.062369685862220303e-01
1.369565217391304435e+00 1.038320336489878398e-01
1.374581939799331076e+00 1.014939886361002908e-01
1.379598662207357940e+00 9.918357567360998328e-02
1.384615384615384581e+00 9.686535947266323998e-02
1.389632107023411445e+00 9.450979593496729170e-02
1.394648829431438086e+00 9.209505038080065265e-02
1.399665551839464950e+00 8.960837566307361390e-02
1.404682274247491591e+00 8.704689889345421094e-02
1.409698996655518455e+00 8.441770538063528284e-02
1.414715719063545096e+00 8.173715118734828367e-02
1.419732441471571960e+00 7.902938731581386766e-02
1.424749163879598601e+00 7.632414463960789097e-02
1.429765886287625465e+00 7.365391012500407952e-02
1.434782608695652106e+00 7.105071452480098138e-02
1.439799331103678970e+00 6.854283459360543951e-02
1.444816053511705611e+00 6.615176934340571968e-02
1.449832775919732475e+00 6.388986117910482043e-02
1.454849498327759338e+00 6.175888699796733966e-02
1.459866220735785980e+00 5.974984086528678517e-02
1.464882943143812843e+00 5.784398085477093082e-02
1.469899665551839485e+00 5.601504110804082781e-02
1.474916387959866348e+00 5.423234523628992637e-02
1.479933110367892990e+00 5.246442772981926156e-02
1.484949832775919853e+00 5.068269856449571231e-02
1.489966555183946495e+00 4.886468441064707041e-02
1.494983277591973359e+00 4.699644684417323554e-02
1.500000000000000000e+00 4.507390109581255189e-02
