0.000000000000000000e+00 1.920203566612992824e-02
5.016722408026755980e-03 1.888567363990094339e-02
1.003344481605351196e-02 1.757573709962801170e-02
1.505016722408026794e-02 1.558377950233534592e-02
2.006688963210702392e-02 1.330117137203726436e-02
2.508361204013377990e-02 1.108668174657344296e-02
3.010033444816053588e-02 9.186470634720887360e-03
3.511705685618729533e-02 7.710558041408793230e-03
4.013377926421404784e-02 6.660822229796688893e-03
4.515050167224080035e-02 5.984006153200219051e-03
5.016722408026755980e-02 5.618747968760124528e-03
5.518394648829431925e-02 5.517150946480686539e-03
6.020066889632107177e-02 5.639617697791555855e-03
6.521739130434782428e-02 5.935920560875312252e-03
7.023411371237459067e-02 6.329617814126778201e-03
7.525083612040134318e-02 6.717424968402340574e-03
8.026755852842809569e-02 6.985150285192684438e-03
8.528428093645484820e-02 7.033222069184280265e-03
9.030100334448160071e-02 6.801196147973692999e-03
9.531772575250836710e-02 6.282148095346445568e-03
1.003344481605351196e-01 5.522532113939443953e-03
1.053511705685618721e-01 4.608455717857585891e-03
1.103678929765886385e-01 3.643526688735653375e-03
1.153846153846153910e-01 2.725463602995064922e-03
1.204013377926421435e-01 1.928213428178690873e-03
1.254180602006688960e-01 1.293760382486659234e-03
1.304347826086956486e-01 8.341883162027063014e-04
1.354515050167224011e-01 5.412758102542284278e-04
1.404682274247491813e-01 3.990717462880556871e-04
1.454849498327759338e-01 3.948345171413798977e-04
1.505016722408026864e-01 5.249760878937761565e-04
1.555183946488294389e-01 7.945328720740609972e-04
1.605351170568561914e-01 1.210701301047154227e-03
1.655518394648829439e-01 1.772871357157377106e-03
1.705685618729096964e-01 2.463003425266851315e-03
1.755852842809364489e-01 3.240464964706207904e-03
1.806020066889632014e-01 4.043992710285719723e-03
1.856187290969899817e-01 4.800505304124504276e-03
1.906354515050167342e-01 5.437447873617966797e-03
1.956521739130434867e-01 5.894064300425183069e-03
2.006688963210702392e-01 6.128372780840977800e-03
2.056856187290969917e-01 6.119660723044940617e-03
2.107023411371237442e-01 5.868683484308754097e-03
2.157190635451504968e-01 5.397667639833396425e-03
2.207357859531772770e-01 4.750022028247325931e-03
2.257525083612040295e-01 3.987548696866178959e-03
2.307692307692307820e-01 3.183040078817483184e-03
2.357859531772575346e-01 2.408618999528554933e-03
2.408026755852842871e-01 1.723143180925572381e-03
2.458193979933110396e-01 1.163182008629313211e-03
2.508361204013377921e-01 7.406535595349810364e-04
2.558528428093645446e-01 4.472647949469934917e-04
2.608695652173912971e-01 2.633417352246447273e-04
2.658862876254180496e-01 1.677393509153521974e-04
2.709030100334448021e-01 1.462230186990892190e-04
2.759197324414715546e-01 1.970229529488529510e-04
2.809364548494983627e-01 3.331655911113175130e-04
2.859531772575251152e-01 5.813284049635112803e-04
2.909698996655518677e-01 9.767630295577014055e-04
2.959866220735786202e-01 1.554078910707430011e-03
3.010033444816053727e-01 2.334926808398679349e-03
3.060200668896321252e-01 3.315643875898193448e-03
3.110367892976588777e-01 4.459591306760817865e-03
3.160535117056856302e-01 5.698708451312499770e-03
3.210702341137123828e-01 6.945855572893983032e-03
3.260869565217391353e-01 8.114606890133890110e-03
3.311036789297658878e-01 9.138816613178734477e-03
3.361204013377926403e-01 9.983500588567296649e-03
3.411371237458193928e-01 1.064267526462010956e-02
3.461538461538461453e-01 1.112695534069456718e-02
3.511705685618728978e-01 1.144959442345782653e-02
3.561872909698996503e-01 1.162018268878649285e-02
3.612040133779264028e-01 1.164971082293668123e-02
3.662207357859532109e-01 1.156281616347933951e-02
3.712374581939799634e-01 1.140828345797630788e-02
3.762541806020067159e-01 1.126051052882034477e-02
3.812709030100334684e-01 1.121101382175746994e-02
3.862876254180602209e-01 1.135496294409753942e-02
3.913043478260869734e-01 1.177882228944956977e-02
3.963210702341137259e-01 1.255150471245831609e-02
4.013377926421404784e-01 1.371726813062971659e-02
4.063545150501672309e-01 1.528839337190613691e-02
4.113712374581939835e-01 1.723988497753824178e-02
4.163879598662207360e-01 1.951261245955452847e-02
4.214046822742474885e-01 2.202991843070863792e-02
4.264214046822742410e-01 2.472444482647126462e-02
4.314381270903009935e-01 2.756201666626845875e-02
4.364548494983277460e-01 3.054642516027944454e-02
4.414715719063545540e-01 3.369777235680032623e-02
4.464882943143813065e-01 3.701377680712974322e-02
4.515050167224080591e-01 4.043684893891898863e-02
4.565217391304348116e-01 4.384916482421360312e-02
4.615384615384615641e-01 4.710197662764787491e-02
4.665551839464883166e-01 5.006408106452916312e-02
4.715719063545150691e-01 5.266259708212136376e-02
4.765886287625418216e-01 5.489554975848957852e-02
4.816053511705685741e-01 5.681561730658729603e-02
4.866220735785953266e-01 5.850313271981666396e-02
4.916387959866220791e-01 6.005044522153353548e-02
4.966555183946488317e-01 6.156688907401331595e-02
5.016722408026755842e-01 6.319458271953011519e-02
5.066889632107023367e-01 6.511500570644356001e-02
5.117056856187290892e-01 6.753234524232931690e-02
5.167224080267558417e-01 7.063697700412424618e-02
5.217391304347825942e-01 7.456830167856919045e-02
5.267558528428093467e-01 7.939978676004916247e-02
5.317725752508360992e-01 8.515889580328851738e-02
5.367892976588628517e-01 9.187759084206399696e-02
5.418060200668896043e-01 9.965460168142771524e-02
5.468227424749163568e-01 1.087044634831497852e-01
5.518394648829431093e-01 1.193711135317720856e-01
5.568561872909698618e-01 1.320934410906859091e-01
5.618729096989967253e-01 1.473242193714262571e-01
5.668896321070234778e-01 1.654200343575519538e-01
5.719063545150502303e-01 1.865344221449314888e-01
5.769230769230769829e-01 2.105536079910482194e-01
5.819397993311037354e-01 2.371084303076326505e-01
5.869565217391304879e-01 2.656759980377547681e-01
5.919732441471572404e-01 2.957556887839661308e-01
5.969899665551839929e-01 3.270760968575235350e-01
6.020066889632107454e-01 3.597722331299506582e-01
6.070234113712374979e-01 3.944719025972070470e-01
6.120401337792642504e-01 4.322489033432524996e-01
6.170568561872910029e-01 4.744366471569679278e-01
6.220735785953177555e-01 5.223414512613457905e-01
6.270903010033445080e-01 5.769352730490283632e-01
6.321070234113712605e-01 6.386243146181077579e-01
6.371237458193980130e-01 7.071698858351712635e-01
6.421404682274247655e-01 7.817847996475870698e-01
6.471571906354515180e-01 8.613644190270095535e-01
6.521739130434782705e-01 9.447662340097275901e-01
6.571906354515050230e-01 1.031046391244371252e+00
6.622073578595317755e-01 1.119595709770520697e+00
6.672240802675585281e-01 1.210170758605041863e+00
6.722408026755852806e-01 1.302858478535512621e+00
6.772575250836120331e-01 1.398023738054108511e+00
6.822742474916387856e-01 1.496264924226626825e+00
6.872909698996655381e-01 1.598361150559425736e+00
6.923076923076922906e-01 1.705166453537979798e+00
6.973244147157190431e-01 1.817416502480217133e+00
7.023411371237457956e-01 1.935462569917321130e+00
7.073578595317725481e-01 2.059006731882527585e+00
7.123745819397993007e-01 2.186939619958946146e+00
7.173913043478260532e-01 2.317353702484923783e+00
7.224080267558528057e-01 2.447735849623462911e+00
7.274247491638796692e-01 2.575276867157268335e+00
7.324414715719064217e-01 2.697211657776172444e+00
7.374581939799331742e-01 2.811125043235413123e+00
7.424749163879599267e-01 2.915193636896170393e+00
7.474916387959866793e-01 3.008348483447794042e+00
7.525083612040134318e-01 3.090330568437154479e+00
7.575250836120401843e-01 3.161599176176002501e+00
7.625418060200669368e-01 3.223075061242202999e+00
7.675585284280936893e-01 3.275763158654604545e+00
7.725752508361204418e-01 3.320372391002815782e+00
7.775919732441471943e-01 3.357084300589042947e+00
7.826086956521739468e-01 3.385583450179669995e+00
7.876254180602006993e-01 3.405354535309665476e+00
7.926421404682274519e-01 3.416118820476035545e+00
7.976588628762542044e-01 3.418194272066478856e+00
8.026755852842809569e-01 3.412578296521870946e+00
8.076923076923077094e-01 3.400680553158414110e+00
8.127090301003344619e-01 3.383819276888597738e+00
8.177257525083612144e-01 3.362733699783397423e+00
8.227424749163879669e-01 3.337367483822212932e+00
8.277591973244147194e-01 3.307033780314133420e+00
8.327759197324414719e-01 3.270867967972096668e+00
8.377926421404682245e-01 3.228335179396898180e+00
8.428093645484949770e-01 3.179561943204355146e+00
8.478260869565217295e-01 3.125379872121902380e+00
8.528428093645484820e-01 3.067110307072258735e+00
8.578595317725752345e-01 3.006200161376665569e+00
8.628762541806019870e-01 2.943828232288650870e+00
8.678929765886287395e-01 2.880581583639076904e+00
8.729096989966554920e-01 2.816292283409975283e+00
8.779264214046822445e-01 2.750116610817556317e+00
8.829431438127091081e-01 2.680890241910550031e+00
8.879598662207358606e-01 2.607685834599989594e+00
8.929765886287626131e-01 2.530376844320726182e+00
8.979933110367893656e-01 2.449956198922946804e+00
9.030100334448161181e-01 2.368429147151584147e+00
9.080267558528428706e-01 2.288278227758969496e+00
9.130434782608696231e-01 2.211695289422338728e+00
9.180602006688963757e-01 2.139886809804473877e+00
9.230769230769231282e-01 2.072729799233337999e+00
9.280936454849498807e-01 2.008906536938524390e+00
9.331103678929766332e-01 1.946450714677213867e+00
9.381270903010033857e-01 1.883479098729544221e+00
9.431438127090301382e-01 1.818821545078464608e+00
9.481605351170568907e-01 1.752318298977395106e+00
9.531772575250836432e-01 1.684703393852519993e+00
9.581939799331103957e-01 1.617173863385061416e+00
9.632107023411371483e-01 1.550874149616539466e+00
9.682274247491639008e-01 1.486539280135042329e+00
9.732441471571906533e-01 1.424431636144800173e+00
9.782608695652174058e-01 1.364535039298957919e+00
9.832775919732441583e-01 1.306833493932159973e+00
9.882943143812709108e-01 1.251475773817313009e+00
9.933110367892976633e-01 1.198719548560566173e+00
9.983277591973244158e-01 1.148698506042349798e+00
1.003344481605351168e+00 1.101171839159895693e+00
1.008361204013378032e+00 1.055431566963356493e+00
1.013377926421404673e+00 1.010454433601204904e+00
1.018394648829431537e+00 9.652459549531187122e-01
1.023411371237458178e+00 9.192141593571768743e-01
1.028428093645485042e+00 8.723892926550748106e-01
1.033444816053511683e+00 8.253819395143334736e-01
1.038461538461538547e+00 7.791023217567178971e-01
1.043478260869565188e+00 7.343789730046168529e-01
1.048494983277592052e+00 6.916580482916796502e-01
1.053511705685618693e+00 6.509171633701155146e-01
1.058528428093645557e+00 6.118176963705825866e-01
1.063545150501672198e+00 5.740043844605950962e-01
1.068561872909699062e+00 5.373976257065020690e-01
1.073578595317725703e+00 5.023390527312571185e-01
1.078595317725752567e+00 4.695294451538089553e-01
1.083612040133779209e+00 4.397949111804176359e-01
1.088628762541806072e+00 4.137862468989307874e-01
1.093645484949832714e+00 3.917342363682863038e-01
1.098662207357859577e+00 3.733545507876122049e-01
1.103678929765886219e+00 3.579383871407142981e-01
1.108695652173913082e+00 3.445980368195043497e-01
1.113712374581939724e+00 3.325770547032392832e-01
1.118729096989966587e+00 3.215018892355078206e-01
1.123745819397993451e+00 3.114652018710156178e-01
1.128762541806020092e+00 3.028962207964137621e-01
1.133779264214046956e+00 2.962682147502822549e-01
1.138795986622073597e+00 2.917718439851045842e-01
1.143812709030100461e+00 2.891019056302636669e-01
1.148829431438127102e+00 2.874512661581107853e-01
1.153846153846153966e+00 2.857082079159932175e-01
1.158862876254180607e+00 2.827639771129607515e-01
1.163879598662207471e+00 2.777993435988967419e-01
1.168896321070234112e+00 2.704441432719121852e-01
1.173913043478260976e+00 2.607710748521291366e-01
1.178929765886287617e+00 2.491575273608012397e-01
1.183946488294314481e+00 2.360946882390041746e-01
1.188963210702341122e+00 2.220273648024435609e-01
1.193979933110367986e+00 2.072769666138308819e-01
1.198996655518394627e+00 1.920540247917487398e-01
1.204013377926421491e+00 1.765283743057893817e-01
1.209030100334448132e+00 1.609095826542612517e-01
1.214046822742474996e+00 1.454986074782195771e-01
1.219063545150501637e+00 1.306936771295421906e-01
1.224080267558528501e+00 1.169549825135845211e-01
1.229096989966555142e+00 1.047445346507515362e-01
1.234113712374582006e+00 9.445845374128569727e-02
1.239130434782608647e+00 8.636421280169601089e-02
1.244147157190635511e+00 8.055102272947145536e-02
1.249163879598662152e+00 7.690026876722996785e-02
1.254180602006689016e+00 7.508333030568842270e-02
1.259197324414715657e+00 7.459318221675609317e-02
1.264214046822742521e+00 7.481174118316612220e-02
1.269230769230769162e+00 7.510684556254113020e-02
1.274247491638796026e+00 7.494277623027573165e-02
1.279264214046822667e+00 7.397961971255537228e-02
1.284280936454849531e+00 7.213384582110912713e-02
1.289297658862876395e+00 6.957891092474215167e-02
1.294314381270903036e+00 6.668087085595424124e-02
1.299331103678929900e+00 6.388505539634072028e-02
1.304347826086956541e+00 6.158704540693600571e-02
1.309364548494983405e+00 6.002635330008620346e-02
1.314381270903010046e+00 5.923179989124388589e-02
1.319397993311036910e+00 5.902836579461593486e-02
1.324414715719063551e+00 5.909533350508662519e-02
1.329431438127090415e+00 5.905276257414279750e-02
1.334448160535117056e+00 5.855065527702424388e-02
1.339464882943143920e+00 5.734035170074307242e-02
1.344481605351170561e+00 5.531623589347350184e-02
1.349498327759197425e+00 5.252400602567999094e-02
1.354515050167224066e+00 4.913794117836939312e-02
1.359531772575250930e+00 4.541391579283396429e-02
1.364548494983277571e+00 4.162822385398256414e-02
1.369565217391304435e+00 3.801513838614786756e-02
1.374581939799331076e+00 3.471797665267661870e-02
1.379598662207357940e+00 3.176735124241248515e-02
1.384615384615384581e+00 2.909415520736410854e-02
1.389632107023411445e+00 2.657371036153769600e-02
1.394648829431438086e+00 2.408527509771255307e-02
1.399665551839464950e+00 2.156417078234081769e-02
1.404682274247491591e+00 1.902690650179491086e-02
1.409698996655518455e+00 1.656202849427909629e-02
1.414715719063545096e+00 1.429447848195245473e-02
1.419732441471571960e+00 1.234106425429928010e-02
1.424749163879598601e+00 1.077503671215441702e-02
1.429765886287625465e+00 9.610366671607539074e-03
1.434782608695652106e+00 8.806444915008692156e-03
1.439799331103678970e+00 8.286658362738915859e-03
1.444816053511705611e+00 7.961828726828898070e-03
1.449832775919732475e+00 7.751084138525247795e-03
1.454849498327759338e+00 7.596140875821916216e-03
1.459866220735785980e+00 7.468108460027047049e-03
1.464882943143812843e+00 7.367763780527500535e-03
1.469899665551839485e+00 7.320853286054878999e-03
1.474916387959866348e+00 7.369951304258217165e-03
1.479933110367892990e+00 7.564057536795088313e-03
1.484949832775919853e+00 7.946455167087527680e-03
1.489966555183946495e+00 8.540699253843672331e-03
1.494983277591973359e+00 9.335058093774996693e-03
1.500000000000000000e+00 1.026829427683184810e-02
